7.877738984857735743e-03
5.600360051603034753e-03
4.565377520066190437e-03
3.885128063576541446e-03
3.372980794794561143e-03
2.958807943573845724e-03
2.612551401648974779e-03
2.315576483228944452e-03
2.057858233421834462e-03
1.834317426335188746e-03
1.639850441380917914e-03
1.468800152578824065e-03
1.318505935793321936e-03
1.185691502026744179e-03
1.068521939401992403e-03
9.647666813843665040e-04
8.726688547729869296e-04
7.918214818562074485e-04
7.208120630028436475e-04
6.588239432802758333e-04
6.044266691006849358e-04
5.573869042997358888e-04
5.171036171974185925e-04
4.826912868362472357e-04
4.536222373305571045e-04
4.292864197533809482e-04
4.091684380589194437e-04
3.928691151457421255e-04
3.791888948986063112e-04
3.676095804877713190e-04
3.577810204825430116e-04
3.492704727107339953e-04
3.419385364604680803e-04
3.353879975449925517e-04
3.296759480318092825e-04
3.245428505759455438e-04
3.198794064257018139e-04
3.157114573889695675e-04
3.119738923274920105e-04
3.087118259340339808e-04
3.057598622650711502e-04
3.031851375754152306e-04
3.009097689844029305e-04
2.988405790386115249e-04
2.971235223340505725e-04
2.955150322938646774e-04
2.941775961469014961e-04
2.929348733804581898e-04
2.919041240258020008e-04
2.908965389736060492e-04
2.901004680416080788e-04
2.894007317405480786e-04
2.886579589375935545e-04
2.880486617372235610e-04
2.875152984443893876e-04
2.870595941197649314e-04
2.865590770880598178e-04
2.861758055795989085e-04
2.858122531716090911e-04
2.855337404306440758e-04
2.852645792442458014e-04
2.850502377691426078e-04
2.848372246704755531e-04
2.846901333621765944e-04
2.845211873295851483e-04
2.843951664538302152e-04
2.842973439278644108e-04
2.841986880809871992e-04
2.841061630430813758e-04
2.840001873924707541e-04
2.839533988715830983e-04
2.839177645900764317e-04
2.838964758666162472e-04
2.838730914125602175e-04
2.838472339360444130e-04
2.838304620705471874e-04
2.838161605235495254e-04
2.838091002483603869e-04
2.837936860050065558e-04
2.837819158815428470e-04
2.837790528129369204e-04
2.838238194155803069e-04
