4.014376414689482536e-06
5.820845801299739724e-04
1.160154783845260230e-03
1.738224987560553535e-03
2.316295191275819735e-03
2.894365394991084851e-03
3.472435598706350400e-03
4.050505802421667557e-03
4.628576006136989919e-03
5.206646209852310546e-03
5.784716413567632907e-03
6.362786617282953534e-03
6.940856820998275029e-03
7.518927024713595655e-03
8.096997228428918017e-03
8.675067432144238644e-03
9.253137635859561005e-03
9.831207839574883367e-03
1.040927804329020399e-02
1.098734824700552462e-02
1.156541845072084698e-02
1.214348865443616761e-02
1.272155885815148997e-02
1.329962906186681233e-02
1.387769926558213296e-02
1.445576946929745359e-02
1.503383967301277421e-02
1.561190987672809657e-02
1.618998008044341894e-02
1.676805028415874130e-02
1.734612048787406019e-02
1.792419069158937908e-02
1.850226089530470144e-02
1.908033109902002381e-02
1.965840130273534617e-02
2.023647150645066853e-02
2.081454171016599089e-02
2.139261191388130978e-02
2.197068211759662867e-02
2.254875232131195104e-02
2.312682252502727340e-02
2.370489272874259576e-02
2.428296293245791812e-02
2.486103313617324048e-02
2.543910333988855937e-02
2.601717354360388174e-02
2.659524374731920410e-02
2.717331395103452646e-02
2.775138415474984882e-02
2.832945435846516771e-02
2.890752456218049007e-02
2.948559476589581244e-02
3.006366496961113480e-02
3.064173517332645716e-02
3.121980537704177605e-02
3.179787558075709841e-02
3.237594578447242077e-02
3.295401598818774314e-02
3.353208619190305856e-02
3.411015639561838092e-02
3.468822659933370328e-02
3.526629680304902564e-02
3.584436700676434800e-02
3.642243721047967037e-02
3.700050741419499273e-02
3.757857761791031509e-02
3.815664782162563051e-02
3.873471802534095287e-02
3.931278822905627524e-02
3.989085843277159760e-02
4.046892863648691996e-02
4.104699884020224232e-02
4.162506904391756468e-02
4.220313924763288704e-02
4.278120945134820940e-02
4.335927965506352483e-02
4.393734985877885413e-02
4.451542006249416955e-02
4.509349026620949191e-02
4.567156046992481427e-02
4.624963067364013664e-02
4.682770087735545206e-02
4.740577108107078136e-02
4.798384128478609678e-02
4.856191148850142608e-02
4.913998169221674150e-02
4.971805189593207081e-02
5.029612209964738623e-02
5.087419230336270859e-02
5.145226250707803095e-02
5.203033271079335331e-02
5.260840291450866874e-02
5.318647311822399110e-02
5.376454332193931346e-02
5.434261352565462888e-02
5.492068372936995818e-02
5.549875393308527360e-02
5.607682413680060290e-02
5.665489434051524525e-02
5.723296454422966556e-02
5.781103474794409280e-02
5.838910495165850617e-02
5.896717515537293341e-02
5.954524535908736066e-02
6.012331556280177403e-02
6.070138576651620127e-02
6.127945597023062158e-02
6.185752617394504882e-02
6.243559637765947606e-02
6.301366658137388943e-02
6.359173678508832361e-02
6.416980698880273004e-02
6.474787719251716422e-02
6.532594739623158453e-02
6.590401759994600484e-02
6.648208780366042514e-02
6.706015800737484545e-02
6.763822821108927963e-02
6.821629841480369993e-02
6.879436861851812024e-02
6.937243882223254055e-02
6.995050902594696085e-02
7.052857922966139503e-02
7.110664943337581534e-02
7.168471963709023564e-02
7.226278984080465595e-02
7.284086004451907626e-02
7.341893024823349656e-02
7.399700045194793074e-02
7.457507065566235105e-02
7.515314085937677135e-02
7.573121106309119166e-02
7.630928126680561197e-02
7.688735147052004615e-02
7.746542167423445258e-02
7.804349187794888676e-02
7.862156208166330706e-02
7.919963228537772737e-02
7.977770248909216155e-02
8.035577269280656798e-02
8.093384289652100216e-02
8.151191310023542247e-02
8.208998330394984277e-02
8.266805350766426308e-02
8.324612371137868339e-02
8.382419391509311757e-02
8.440226411880753787e-02
8.498033432252195818e-02
8.555840452623637848e-02
8.613647472995079879e-02
8.671454493366521910e-02
8.729261513737965328e-02
8.787068534109407358e-02
8.844875554480849389e-02
8.902682574852292807e-02
8.960489595223733450e-02
9.018296615595175481e-02
9.076103635966618899e-02
9.133910656338060929e-02
9.191717676709502960e-02
9.249524697080944990e-02
9.307331717452388409e-02
9.365138737823830439e-02
9.422945758195271082e-02
9.480752778566714500e-02
9.538559798938156531e-02
9.596366819309598561e-02
9.654173839681041980e-02
9.711980860052484010e-02
9.769787880423926041e-02
9.827594900795369459e-02
9.885401921166811490e-02
9.943208941538252132e-02
1.000101596190969416e-01
1.005882298228113758e-01
1.011663000265257961e-01
1.017443702302402164e-01
1.023224404339546506e-01
1.029005106376690709e-01
1.034785808413834773e-01
1.040566510450979115e-01
1.046347212488123318e-01
1.052127914525267521e-01
1.057908616562411724e-01
1.063689318599556066e-01
1.069470020636700269e-01
1.075250722673844334e-01
1.081031424710988814e-01
1.086812126748132878e-01
1.092592828785277081e-01
1.098373530822421423e-01
1.104154232859565626e-01
1.109934934896709829e-01
1.115715636933854032e-01
1.121496338970998374e-01
1.127277041008142439e-01
1.133057743045286642e-01
1.138838445082430983e-01
1.144619147119575187e-01
1.150399849156719390e-01
1.156180551193863731e-01
1.161961253231007934e-01
1.167741955268152138e-01
1.173522657305296202e-01
1.179303359342440544e-01
1.185084061379584747e-01
1.190864763416728950e-01
1.196645465453873292e-01
1.202426167491017495e-01
1.208206869528161698e-01
1.213987571565306040e-01
1.219768273602450243e-01
1.225548975639594307e-01
1.231329677676738649e-01
1.237110379713882852e-01
1.242891081751027055e-01
1.248671783788171258e-01
1.254452485825315600e-01
1.260233187862459803e-01
1.266013889899604006e-01
1.271794591936748209e-01
1.277575293973892412e-01
1.283355996011036615e-01
1.289136698048181096e-01
1.294917400085325021e-01
1.300698102122469224e-01
1.306478804159613427e-01
1.312259506196757908e-01
1.318040208233902111e-01
1.323820910271046314e-01
1.329601612308190517e-01
1.335382314345334720e-01
1.341163016382478923e-01
1.346943718419623126e-01
1.352724420456767329e-01
1.358505122493911532e-01
1.364285824531055735e-01
1.370066526568200216e-01
1.375847228605344419e-01
1.381627930642488344e-01
1.387408632679632825e-01
1.393189334716777028e-01
1.398970036753921231e-01
1.404710595026918696e-01
