7.963402718002984826e-03
6.626154817363315470e-03
5.887264625448664773e-03
5.343089094274428193e-03
4.912200272977835028e-03
4.553689918335641559e-03
4.250459920035648195e-03
3.987806128619839595e-03
3.758134703956395994e-03
3.554395532787073698e-03
3.370260422184049361e-03
3.202493400693552390e-03
3.048502157448605178e-03
2.905578980483774273e-03
2.772477347829500633e-03
2.647888030321815522e-03
2.530548630888306092e-03
2.420016124905307979e-03
2.315842906898112844e-03
2.217465158936876308e-03
2.124563713446209548e-03
2.036599691724421714e-03
1.953097315294799593e-03
1.873717011940419577e-03
1.798228303731758950e-03
1.726414235469850549e-03
1.658095424968685731e-03
1.593060564662889022e-03
1.531128877591645494e-03
1.472063185472191225e-03
1.415550382608966222e-03
1.361455154577687152e-03
1.309725787652927121e-03
1.260210452892913165e-03
1.212930688039370571e-03
1.167788655748859409e-03
1.124689885375964064e-03
1.083416971302323751e-03
1.043961103801941586e-03
1.006280799488410175e-03
9.702699978052257632e-04
9.358596215463578245e-04
9.029912940653219127e-04
8.716236323068691626e-04
8.416718320359426386e-04
8.130888639165006256e-04
7.858118334288479367e-04
7.597685855494243443e-04
7.349584894456679882e-04
7.113193622182139436e-04
6.888174390424020316e-04
6.674194163832232983e-04
6.471032913143280217e-04
6.277983271615081122e-04
6.094832029224535449e-04
5.921237613546938717e-04
5.756782110026093056e-04
5.600932962327523097e-04
5.453544180396315130e-04
5.314340892082381352e-04
5.182916917809784639e-04
5.059022917422572197e-04
4.942272631840286846e-04
4.832496241189645656e-04
4.729448788571330550e-04
4.632786997006594102e-04
4.541992082937657731e-04
4.456793164554223455e-04
4.376964886696499977e-04
4.302239354196833124e-04
4.232310225622533764e-04
4.166903297509052888e-04
4.105608978825118572e-04
4.047993692483893634e-04
3.993857018134314108e-04
3.942946952055140903e-04
3.894834549368843724e-04
3.849278266338593138e-04
3.805816015166663992e-04
3.764251417482472563e-04
3.724523323410999028e-04
3.686527179166648846e-04
3.650193309745351691e-04
3.615440251475278790e-04
3.582109972949072208e-04
3.550127927614194260e-04
3.519415706561070415e-04
3.489912037959089068e-04
3.461563983545250635e-04
3.434370956606918094e-04
3.408150258930422766e-04
3.382913367523554429e-04
3.358613884758664537e-04
3.335212902183097594e-04
3.312654186348171540e-04
3.290893998220476685e-04
3.269967155604159041e-04
3.249742980651221269e-04
3.230239314292309718e-04
3.211446047375287574e-04
3.193310312295733529e-04
3.175801165533591731e-04
3.158926805750161739e-04
3.142652238004027846e-04
3.126974206454865603e-04
3.111789028625103486e-04
3.097053306841477251e-04
3.082781859643658057e-04
3.068957819732527062e-04
3.055599358213330840e-04
3.042692143584486042e-04
3.030227355917489845e-04
3.018149381980789257e-04
3.006493903786531239e-04
2.995250980020560988e-04
2.984419733355700042e-04
2.974008036836548559e-04
2.963955720285572503e-04
2.954209943794446308e-04
2.944862629482751320e-04
2.935826172870671874e-04
2.927172898093632035e-04
2.918865051087501179e-04
2.910893373237257191e-04
2.903247147024592230e-04
2.895955567317302914e-04
2.888981988340464475e-04
2.882320644537982837e-04
2.875924236769387813e-04
2.869796634144467277e-04
2.863964555521865906e-04
2.858365293403416119e-04
2.853003392001078305e-04
2.847879969130997558e-04
2.842976549550739322e-04
2.838269056816903322e-04
2.833749615193779264e-04
2.829413575911436402e-04
2.825288087889854809e-04
2.821339338410428551e-04
2.817542909044083092e-04
2.813905383577821424e-04
2.810439420163729192e-04
2.807109396711592844e-04
2.803918907035453227e-04
2.800836823149458984e-04
2.797882460616020277e-04
2.795069310661200935e-04
2.792360513833868924e-04
2.789750765035057785e-04
2.787235512175003358e-04
2.784818758751104691e-04
2.782442870071220355e-04
2.780183004885713018e-04
2.778016633406009731e-04
2.775923111849380688e-04
2.773902625306964268e-04
2.771943834953717730e-04
2.770059115805879055e-04
2.768254477563283997e-04
2.766514452047778199e-04
2.764801031629245012e-04
2.763181813242225160e-04
2.761578096130707228e-04
2.760061469109275690e-04
2.758620030090787540e-04
2.757255608422703509e-04
2.755933504296776554e-04
2.754625045290448170e-04
2.753416703027238271e-04
2.752257702099347660e-04
2.751158006094899834e-04
2.750076703327678819e-04
2.749057687477085414e-04
2.748070065817801106e-04
2.747136491169541411e-04
2.746231126043363808e-04
2.745346805913909680e-04
2.744522334424455033e-04
2.743744792507792790e-04
2.742996613517234236e-04
2.742269926960256145e-04
2.741573061346762818e-04
2.740914006115185834e-04
2.740248715767091788e-04
2.739650041099209372e-04
2.739052167958906073e-04
2.738481442818150495e-04
2.737916802194671870e-04
2.737404011523273035e-04
2.736919416424316779e-04
2.736446826670858087e-04
2.735973832048653985e-04
2.735552289178017939e-04
2.735134175523740467e-04
2.734713188629882708e-04
2.734351442560276286e-04
2.733965804328678624e-04
2.733625590520223159e-04
2.733302760095248740e-04
2.733002876893185235e-04
2.732700710829986902e-04
2.732429715408241739e-04
2.732138856770951552e-04
2.731851126833623232e-04
2.731600954890108434e-04
2.731383605919982904e-04
2.731181296284594792e-04
2.730936137204083920e-04
2.730738191780570723e-04
2.730567099691097975e-04
2.730405245283052860e-04
2.730254648286465301e-04
2.730098281513303367e-04
2.729953127376256701e-04
2.729823247693473299e-04
2.729705067037869310e-04
2.729598464138409527e-04
2.729485587764406075e-04
2.729399015938926802e-04
2.729293253667771290e-04
2.729210432925815674e-04
2.729135336075416782e-04
2.729073189727551315e-04
2.729013781283479503e-04
2.728962340125663886e-04
2.728912250355892705e-04
2.728867014419123827e-04
2.728818088850311048e-04
2.728771754023045885e-04
2.728742482335322437e-04
2.728701211317933789e-04
2.728675863327466658e-04
2.728637008794919556e-04
2.728611852396428000e-04
2.728578140720309703e-04
2.728540436125018480e-04
2.728515269143155721e-04
2.728477479147696115e-04
2.728437989459435724e-04
2.728399832320393330e-04
2.728354473434196578e-04
2.728310724420241308e-04
2.728306523167799667e-04
