6.482467786281007429e-05
5.066219655471360328e-05
4.396295431481535304e-05
3.938590433800554592e-05
3.575555764630125935e-05
3.276549839887477864e-05
3.027471297301577891e-05
2.817053363064966423e-05
2.634823271330942704e-05
2.475045555645099651e-05
2.332157390508390299e-05
2.202692834507475212e-05
2.083706652289105774e-05
1.974178103293108851e-05
1.872432378109575475e-05
1.778012037389158553e-05
1.690044773623377384e-05
1.607690973546401696e-05
1.530959322455342921e-05
1.459133401547811600e-05
1.392083134332320455e-05
1.329100005569395650e-05
1.270088187489399237e-05
1.214936050613623316e-05
1.163289510314384373e-05
1.114834165517961722e-05
1.069491577426471529e-05
1.026886609142037396e-05
9.870148066597653989e-06
9.497124006979778399e-06
9.146369291121350908e-06
8.815460699631475318e-06
8.504581824269722386e-06
8.213426115986739991e-06
7.938628796221923012e-06
7.677575361614969495e-06
7.429184178988589886e-06
7.192922285518363452e-06
6.966948826505046818e-06
6.750755471444390498e-06
6.543099488798997631e-06
6.342093921740827817e-06
6.148558153983589076e-06
5.961295785395157235e-06
5.781559400347289383e-06
5.607007849479755066e-06
5.436113256112194751e-06
5.270124390769729665e-06
5.108532739156756736e-06
4.951371343290902091e-06
4.797145182707761234e-06
4.646013203015724957e-06
4.498372577782721908e-06
4.354044243756258785e-06
4.213227149517995240e-06
4.074584705189603900e-06
3.940065977903098390e-06
3.807148281816389472e-06
3.677229220955328475e-06
3.550703632548385003e-06
3.426839852262201687e-06
3.304882326649049959e-06
3.185852196081988218e-06
3.068973534800963771e-06
2.955161505528300491e-06
2.843880403856072647e-06
2.735366842078545677e-06
2.629079329713788983e-06
2.524554435982924910e-06
2.422937912044789420e-06
2.323088550580772388e-06
2.226221347792737290e-06
2.131862989270816520e-06
2.039421734202986123e-06
1.949491777864024702e-06
1.862111144417446328e-06
1.776783802437871757e-06
1.693771947265750209e-06
1.613083707949780733e-06
1.534570898349099320e-06
1.458144187926473574e-06
1.384120392893787553e-06
1.312481278795719256e-06
1.242695374585185766e-06
1.175376603961089897e-06
1.109788767853653530e-06
1.046419024613935015e-06
9.851503148240504863e-07
9.260005464882963645e-07
8.689082765771655069e-07
8.139407224620247816e-07
7.609604441327915541e-07
7.100215910343738167e-07
6.610461092785489822e-07
6.142004088840862763e-07
5.693047960508337584e-07
5.262733650033437593e-07
4.854013677033291767e-07
4.465307256205332121e-07
4.094213481615546890e-07
3.743394989222263725e-07
3.409142226206813015e-07
3.096674418027993261e-07
2.798740793708569687e-07
2.521968468488625803e-07
2.261822525687616279e-07
2.020372558561078694e-07
1.794386475605995310e-07
1.586853648012437405e-07
1.395826486010453482e-07
1.221828007898689357e-07
1.065097849329785509e-07
9.253502955717106010e-08
8.012662145422736214e-08
6.917530701684679475e-08
5.985511565631349599e-08
5.195752473637649843e-08
4.555066332675849435e-08
4.051860477246188038e-08
3.678995765980158513e-08
3.414741576613094904e-08
3.248226981410022256e-08
3.141674439416548545e-08
3.086319565282608256e-08
3.051440634404526984e-08
3.035425316602864152e-08
3.020850304465699951e-08
3.013112807847822598e-08
3.008170392323782039e-08
2.995018997857573877e-08
2.988728655151638029e-08
2.982814630942629827e-08
2.978749450708480967e-08
2.973187255220633824e-08
2.970538112589878777e-08
2.954474199014899823e-08
2.949951781574627096e-08
2.946161912581349324e-08
2.942907187276061795e-08
2.935727904462934447e-08
2.931601850025203883e-08
2.929096051975895231e-08
2.926608844093064094e-08
2.923431649129857502e-08
2.919368678415134782e-08
2.913533811058232944e-08
2.909784805439228498e-08
2.908183156216208653e-08
2.905290556700989164e-08
2.903271790362041772e-08
2.898599361081706757e-08
2.892546062250584129e-08
2.891538789457368269e-08
2.891292079093962949e-08
2.889919458222397671e-08
2.888734048869104495e-08
2.886222157501036594e-08
2.884388984528105921e-08
2.881463384580545333e-08
2.876279084112128935e-08
2.874342143357872201e-08
2.872387988637246684e-08
2.871114705547573997e-08
2.868382782100532388e-08
2.862954766654934743e-08
2.861107580682438720e-08
2.859934098803854784e-08
2.857089381640934506e-08
2.856622522453071752e-08
2.853929766104916569e-08
2.852971417926121182e-08
2.848184248999083761e-08
2.842530205109493162e-08
2.839387341336937483e-08
2.837163035175977845e-08
2.833314199392922745e-08
2.826501924205803280e-08
2.822958322739420504e-08
2.820777807143638202e-08
2.819517212254116365e-08
2.818356235272117745e-08
2.816643587097875917e-08
2.810309919400957002e-08
2.805733907781940493e-08
2.801359870405019528e-08
2.797038273279676455e-08
2.796329397771128561e-08
2.792200240898863845e-08
2.791204641674901142e-08
2.790693751195294972e-08
2.789535071537378722e-08
2.786479549101801402e-08
2.785280753455204673e-08
2.783622118390476227e-08
2.779787505663898059e-08
2.773391213200787837e-08
2.769870545596609144e-08
2.768110595562759893e-08
2.766281171561290053e-08
2.762481580612226651e-08
2.760586188096720589e-08
2.757099541355787509e-08
2.752049970095319635e-08
2.748827428339356252e-08
2.744056239654123044e-08
2.739411384974658268e-08
2.733333493108419658e-08
2.729003945491076452e-08
2.722866586173455162e-08
2.720910201594281616e-08
2.720427251444072966e-08
2.718081827459107323e-08
2.715448346666987533e-08
2.714114645862229496e-08
2.712311940331216593e-08
2.706180752682109404e-08
2.698520998669111447e-08
2.693746236799648808e-08
2.690783706103157874e-08
2.687632964505555960e-08
2.685148368757605527e-08
2.682925092570645449e-08
2.681293546626963023e-08
2.680700488192402541e-08
2.679290866278607675e-08
2.677349451202400134e-08
2.676298709845379796e-08
2.674283505196620949e-08
2.670540963397847004e-08
2.667272433326237485e-08
2.663091438894868955e-08
2.657516828052719937e-08
2.654663180812013214e-08
2.648148722950827255e-08
2.645570276314388587e-08
2.643427968056702451e-08
2.640582484102947401e-08
2.636526652382978512e-08
2.635509868883301552e-08
2.633499641377933619e-08
2.632275782760575575e-08
2.631294378827538059e-08
2.627936621121579242e-08
2.624722068358918920e-08
2.625039497285774273e-08
2.623063579508911950e-08
2.623124721461811891e-08
2.612224721541682017e-08
2.602986733866474244e-08
2.591484815140124844e-08
2.586163581283172522e-08
2.577557270749570534e-08
2.574529710433088309e-08
2.570745652028882610e-08
2.563294006209831408e-08
2.557480608611011727e-08
2.556033452059763866e-08
2.554749518333695553e-08
2.548192005882760330e-08
2.546556528410372268e-08
2.546138857784386169e-08
2.542712064116118098e-08
2.543590221722910892e-08
2.535153624977745818e-08
2.529802322529971615e-08
2.529464717187753261e-08
2.526027301552526710e-08
2.526177730475586332e-08
2.523773182018060094e-08
2.521043151973232634e-08
2.510537981889296147e-08
2.503991045980692427e-08
2.503140055441250439e-08
2.500681190325576779e-08
2.497613184186443842e-08
2.493059158226648733e-08
2.479655043106270913e-08
2.478790473536602544e-08
2.472604122960956770e-08
2.471373274337104950e-08
2.470985587564411318e-08
2.467615366293613756e-08
2.467028773793653042e-08
2.460162100263320622e-08
2.462159940503081825e-08
2.460666167181500807e-08
2.458129122283683252e-08
2.451059611631164322e-08
2.451385248647007933e-08
2.455437905973719820e-08
2.451476098653465576e-08
2.447134197725478082e-08
2.439529187408893770e-08
2.447720437175685473e-08
2.445409040394240649e-08
2.442891113773092351e-08
2.449356910275934295e-08
2.462104312092550369e-08
2.454237919748499120e-08
2.488249832072813608e-08
2.475811794138767616e-08
