3.291788660045376238e-05
3.686803299250830928e-03
7.340688711901217391e-03
1.099457412455160342e-02
1.464845953720198858e-02
1.830234494985237548e-02
2.195623036250276411e-02
2.561011577515314927e-02
2.926400118780342341e-02
3.291788660045347203e-02
3.657177201310350678e-02
4.022565742575354847e-02
4.387954283840359015e-02
4.753342825105362490e-02
5.118731366370367353e-02
5.484119907635371521e-02
5.849508448900418711e-02
6.214896990165492269e-02
6.580285531430565826e-02
6.945674072695638690e-02
7.311062613960711554e-02
7.676451155225785805e-02
8.041839696490858669e-02
8.407228237755932920e-02
8.772616779021005784e-02
9.138005320286080035e-02
9.503393861551151511e-02
9.868782402816224375e-02
1.023417094408129863e-01
1.059955948534637149e-01
1.096494802661144574e-01
1.133033656787648530e-01
1.169572510914142077e-01
1.206111365040635347e-01
1.242650219167128894e-01
1.279189073293622303e-01
1.315727927420115850e-01
1.352266781546609398e-01
1.388805635673102667e-01
1.425344489799596215e-01
1.461883343926089762e-01
1.498422198052583310e-01
1.534961052179076579e-01
1.571499906305570127e-01
1.608038760432063674e-01
1.644577614558557221e-01
1.681116468685050491e-01
1.717655322811544039e-01
1.754194176938037586e-01
1.790733031064531133e-01
1.827271885191024403e-01
1.863810739317517950e-01
1.900349593444011498e-01
1.936888447570505045e-01
1.973427301696998593e-01
2.009966155823491862e-01
2.046505009949985410e-01
2.083043864076478957e-01
2.119582718202972227e-01
2.156121572329465774e-01
2.192660426455959322e-01
2.229199280582452869e-01
2.265738134708946416e-01
2.302276988835439964e-01
2.338815842961933511e-01
2.375354697088427058e-01
2.411893551214920606e-01
2.448432405341414153e-01
2.484971259467907145e-01
2.521510113594400693e-01
2.558048967720894518e-01
2.594587821847387787e-01
2.631126675973881057e-01
2.667665530100374882e-01
2.704204384226868152e-01
2.740743238353361422e-01
2.777282092479855247e-01
2.813820946606348516e-01
2.850359800732842341e-01
2.886898654859335611e-01
2.923437508985828881e-01
2.959976363112322706e-01
2.996515217238815976e-01
3.033054071365309246e-01
3.069592925491803070e-01
3.106131779618296340e-01
3.142670633744790165e-01
3.179209487871283435e-01
3.215748341997776705e-01
3.252287196124270530e-01
3.288826050250763799e-01
3.325364904377257069e-01
3.361903758503750894e-01
3.398442612630244164e-01
3.434981466756737989e-01
3.471520320883231259e-01
3.508059175009724528e-01
3.544598029136218353e-01
3.581136883262711623e-01
3.617675737389205448e-01
3.653885412649694464e-01
