1.426413228229567263e-03
6.404983472341287988e-04
3.109773219030238637e-04
1.462399418246635807e-04
6.176139623140825972e-05
2.399252388176445990e-05
8.968811091077247817e-06
3.504050166327072356e-06
1.411155012822098630e-06
6.972822527368415551e-07
4.692025630068132410e-07
4.034313229757882397e-07
3.942047791211519108e-07
3.701584898665261916e-07
3.653014345919203705e-07
3.638889797561843889e-07
3.579146689571438414e-07
3.568468073181562494e-07
3.544328724292971760e-07
3.540582436809935398e-07
3.537984763749706684e-07
3.530243803762691617e-07
3.475917542215915094e-07
3.452333315576485230e-07
3.433711535344437865e-07
3.430969065068030477e-07
3.395112845523515082e-07
3.371927339870108905e-07
3.301398086898338051e-07
3.286573760236454444e-07
3.281598344656149922e-07
3.259557340221535894e-07
3.201216001579662624e-07
3.196577950489179396e-07
3.187478817698012855e-07
3.171712726404144359e-07
3.116035744039236540e-07
3.058324717082782002e-07
3.043654750630107961e-07
3.030411970729759583e-07
3.024494675977868162e-07
2.998913802383115522e-07
2.965863383632161335e-07
2.946662775256760308e-07
2.937281804705915863e-07
2.936214235120982579e-07
2.871695781867038503e-07
2.853476750497734898e-07
2.853249983406070772e-07
2.841397278981167806e-07
2.835704163988564504e-07
2.728103669398791634e-07
2.670804164452075120e-07
2.634759946779280084e-07
2.586487230250870280e-07
2.573414098973456217e-07
2.565116526153948166e-07
2.479369416642788156e-07
2.416383488705255927e-07
2.387837733970097419e-07
2.372543320985369059e-07
2.337804786640793692e-07
2.295254997711888983e-07
2.231472705251828270e-07
2.189552084313693469e-07
2.151654530601631192e-07
2.126182832051819782e-07
2.082476491770117247e-07
2.010631243564161432e-07
1.977401428087942088e-07
1.972086030071392355e-07
1.867554506322282488e-07
1.858420283123456225e-07
1.820471494149271625e-07
1.767839275590910616e-07
1.780652747208173764e-07
1.757430598397463361e-07
1.727903090438000571e-07
1.720765118078846851e-07
1.701107428330346666e-07
1.684652530172094179e-07
1.660071087769529420e-07
1.670043367594425728e-07
1.627316916211516223e-07
1.608510180800839754e-07
1.614107144377038355e-07
1.568870319592096238e-07
1.572133415902076202e-07
1.592738236336624830e-07
1.580764569067756421e-07
1.569837644767405190e-07
1.582626740097681968e-07
1.556099485044989098e-07
1.531189729264558259e-07
1.606191548521903919e-07
1.576560514667845234e-07
1.739471913724648388e-07
1.772485927360461178e-07
1.832766679391160864e-07
2.040649838691961855e-07
2.615159833591408200e-07
