3.713010740134078578e-04
2.479443579456693035e-04
1.733003618376673159e-04
1.238656693220921022e-04
8.924122529959540814e-05
6.384895751238905471e-05
4.477842754868789084e-05
3.051007482223701660e-05
2.003381363482469548e-05
1.261192242786312365e-05
7.718775672921980493e-06
4.626555938978217102e-06
2.854451396724714853e-06
1.835654804456999275e-06
1.263004471792106500e-06
9.607997089215364569e-07
7.844057854452320465e-07
6.865604704161881422e-07
6.277095053122230197e-07
5.862418943237327387e-07
5.555835884885114241e-07
5.332412491324632013e-07
5.144619931308404306e-07
5.018653208627476290e-07
4.930737141544483384e-07
4.813936580043404411e-07
4.711315367291753245e-07
4.619418872376350753e-07
4.551463854719121891e-07
4.394419053635536858e-07
4.331609807028511084e-07
4.261417782434886938e-07
4.215116041985630672e-07
4.186568865455640726e-07
4.119378314249016255e-07
4.033115818656987946e-07
3.987810370060642045e-07
3.963669966733026288e-07
3.939740772117123309e-07
3.889649036206032608e-07
3.857918172323506557e-07
3.830690368459681198e-07
3.806302716355698664e-07
3.774258205474720061e-07
3.741180962365796832e-07
3.728066013037744099e-07
3.711103575275508772e-07
3.702971726735407860e-07
3.681228151843246239e-07
3.670811223509843235e-07
3.660557186637703432e-07
3.647472278985814467e-07
3.641816342647503856e-07
3.638432430182902131e-07
3.624096811279978832e-07
3.593966324606362770e-07
3.588951351427651784e-07
3.564428760442530620e-07
3.527621840831360968e-07
3.494190451905711815e-07
3.482721689058212266e-07
3.466222745797590129e-07
3.456019191833966594e-07
3.435624056070382613e-07
3.420640989833632407e-07
3.368514127651472436e-07
3.353927773844905450e-07
3.335164045858874650e-07
3.308551215503498331e-07
3.278968628345601922e-07
3.228637431899522662e-07
3.187100270979613904e-07
3.170067456214331357e-07
3.135177294746902719e-07
3.097337598269957330e-07
3.063645506899853489e-07
3.018646989367827847e-07
3.009412537682197468e-07
2.990883503595803723e-07
2.956558042835985034e-07
2.927647171888854294e-07
2.907849744076141227e-07
2.865337634545359887e-07
2.847173401525610731e-07
2.822229760174678221e-07
2.817023272532672570e-07
2.788239129093744209e-07
2.776758137502959491e-07
2.796756989689570787e-07
2.816550901996004805e-07
2.812036542725534676e-07
2.817920744248277237e-07
2.817570439112858195e-07
2.843889821436670389e-07
2.842633443218523363e-07
2.898547479555680757e-07
2.986365172783025191e-07
3.026770130401658510e-07
3.064404965131594882e-07
3.340930155346143481e-07
3.985194527809597932e-07
