4.014376414689482536e-06
4.455957820305329604e-04
8.871771876463715924e-04
1.328758593262220795e-03
1.770339998878069131e-03
2.211921404493896650e-03
2.653502810109724386e-03
3.095084215725552122e-03
3.536665621341382026e-03
3.978247026957252262e-03
4.419828432573122932e-03
4.861409838188993603e-03
5.302991243804864273e-03
5.744572649420735810e-03
6.186154055036605613e-03
6.627735460652475416e-03
7.069316866268346086e-03
7.510898271884216756e-03
7.952479677500087427e-03
8.394061083115958097e-03
8.803527477414311436e-03
9.245108883030180372e-03
9.590345254693497315e-03
1.003192666030936972e-02
1.028081799802013294e-02
1.072239940363600187e-02
1.093917573002924776e-02
1.138075713564511843e-02
1.157344720355022588e-02
1.201502860916609655e-02
1.216757491292430604e-02
1.238435123931755193e-02
1.282593264493342260e-02
1.306679522981480691e-02
1.350837663543067758e-02
1.376529672597081970e-02
1.420687813158669037e-02
1.454408575042062668e-02
1.498566715603649735e-02
1.537907604467609116e-02
1.577248493331568496e-02
1.621406633893155563e-02
1.659944647474177054e-02
1.704102788035764121e-02
1.743443676899723502e-02
1.787601817461310569e-02
1.828548456891145729e-02
1.872706597452732796e-02
1.913653236882567957e-02
1.957811377444155024e-02
1.999560892156928421e-02
2.041310406869701818e-02
2.085468547431288538e-02
2.128020937426999826e-02
2.172179077988586893e-02
2.214731467984298180e-02
2.258889608545884900e-02
2.301441998541596187e-02
2.345600139103183601e-02
2.387349653815956305e-02
2.429902043811667939e-02
2.474060184373254659e-02
2.516612574368965946e-02
2.560770714930553013e-02
2.600914479077450284e-02
2.645072619639037351e-02
2.686822134351810401e-02
2.730980274913397815e-02
2.771926914343232629e-02
2.816085054904820043e-02
2.825719558300075415e-02
2.827325308865951195e-02
2.871483449427538262e-02
2.865863322446972686e-02
2.910021463008559406e-02
2.883526578671607304e-02
2.927684719233194718e-02
2.903598460745055940e-02
2.947756601306643354e-02
2.922867467535567032e-02
2.896372583198614584e-02
2.940530723760201651e-02
2.910824338291497990e-02
2.954982478853084710e-02
2.928487594516132608e-02
2.972645735077719328e-02
2.942136474326077777e-02
2.986294614887664844e-02
2.949362351872519133e-02
2.993520492434105854e-02
2.962208356399526066e-02
2.931699095647884515e-02
2.975857236209471235e-02
2.943742224891953557e-02
2.987900365453540277e-02
2.950165227155457023e-02
2.994323367717043743e-02
2.965419857531277972e-02
3.009577998092865039e-02
2.982280238472974701e-02
2.948559476589581244e-02
2.992717617151168311e-02
2.957391104701898379e-02
3.001549245263485793e-02
2.975857236209471235e-02
3.020015376771058302e-02
2.980674487907098921e-02
3.024832628468685988e-02
2.987097490170602387e-02
3.031255630732189454e-02
3.002352120546423683e-02
2.971039984511843549e-02
3.015198125073430616e-02
2.982280238472974701e-02
3.026438379034562115e-02
2.994323367717043743e-02
3.038481508278631157e-02
3.002352120546423683e-02
3.046510261108010403e-02
3.016001000356368852e-02
2.981477363190036811e-02
3.025635503751623878e-02
3.000746369980547903e-02
3.044904510542134624e-02
3.007972247526989260e-02
3.052130388088575980e-02
3.019212501488120412e-02
3.063370642049707826e-02
3.028044129600437895e-02
3.072202270162024962e-02
3.036875757712755378e-02
3.001549245263485793e-02
3.045707385825072513e-02
3.015198125073430616e-02
3.059356265635018030e-02
3.023226877902810208e-02
3.067385018464397275e-02
3.032058506015127691e-02
3.076216646576714758e-02
3.043298759976258844e-02
3.009577998092865039e-02
3.053736138654452453e-02
3.021621127336934429e-02
3.065779267898521496e-02
3.028847004883375785e-02
3.073005145444962852e-02
3.040890134127444827e-02
3.085048274689032241e-02
3.050524637522700200e-02
3.094682778084287267e-02
3.059356265635018030e-02
3.020015376771058302e-02
3.064173517332645716e-02
3.036072882429817141e-02
3.080231022991404555e-02
3.048116011673886530e-02
3.092274152235473597e-02
3.057750515069141556e-02
3.101908655630728970e-02
3.074610896010838978e-02
3.036072882429817141e-02
3.080231022991404555e-02
3.044904510542134624e-02
3.089062651103721691e-02
3.052933263371514563e-02
3.097091403933101283e-02
3.064173517332645716e-02
3.108331657894232436e-02
3.077019521859652648e-02
3.121177662421240062e-02
3.088259775820783801e-02
3.060962016200893462e-02
3.105120156762480529e-02
3.060159140917955919e-02
3.104317281479542640e-02
3.068990769030273402e-02
3.113148909591860122e-02
3.077019521859652648e-02
3.121177662421240062e-02
3.093077027518411487e-02
3.061764891483831352e-02
3.105923032045418766e-02
3.066582143181459386e-02
3.110740283743046453e-02
3.075413771293776868e-02
3.119571911855363588e-02
3.088259775820783801e-02
3.132417916382371215e-02
3.092274152235473597e-02
3.136432292797060317e-02
3.104317281479542640e-02
3.068187893747334818e-02
3.112346034308922232e-02
3.077019521859652648e-02
3.121177662421240062e-02
3.089062651103721691e-02
3.133220791665308758e-02
3.098697154498977063e-02
3.142855295060564130e-02
3.105923032045418766e-02
3.076216646576714758e-02
3.120374787138301478e-02
3.086654025254908021e-02
3.130812165816494741e-02
3.101105780347791080e-02
3.145263920909378147e-02
3.110740283743046453e-02
3.154898424304633520e-02
3.114754660157735902e-02
3.158912800719323316e-02
3.122783412987115495e-02
3.087456900537845911e-02
3.131615041099432978e-02
3.103514406196604750e-02
3.147672546758192164e-02
3.117966161289487809e-02
3.162124301851074876e-02
3.128403539967681418e-02
3.172561680529267791e-02
3.137235168079998554e-02
3.099500029781914953e-02
3.143658170343502367e-02
3.112346034308922232e-02
3.156504174870509299e-02
3.128403539967681418e-02
3.172561680529267791e-02
3.141249544494688350e-02
3.185407685056275418e-02
3.150081172607005486e-02
3.194239313168592553e-02
3.162124301851074876e-02
3.121177662421240062e-02
3.165335802982827129e-02
3.134826542231184537e-02
3.178984682792771604e-02
3.146066796192315690e-02
3.190224936753903451e-02
3.160518551285199096e-02
3.204676691846786163e-02
3.166138678265764672e-02
3.137235168079998554e-02
3.181393308641585621e-02
3.150081172607005486e-02
3.194239313168592553e-02
3.154898424304633520e-02
3.199056564866220587e-02
3.162927177134012419e-02
3.207085317695600180e-02
3.171758805246330248e-02
3.215916945807917315e-02
3.181393308641585621e-02
3.146869671475253927e-02
3.191027812036840994e-02
3.158109925436385773e-02
3.202268065997972146e-02
3.161321426568136639e-02
3.205479567129723706e-02
3.168547304114577995e-02
3.212705444676165756e-02
3.187816310905089434e-02
3.155701299587571063e-02
3.199859440149158130e-02
3.160518551285199096e-02
3.204676691846786163e-02
3.165335802982827129e-02
3.209493943544413502e-02
3.170153054680454469e-02
3.214311195242041536e-02
3.183801934490399638e-02
3.227960075051986705e-02
3.195845063734469027e-02
3.158912800719323316e-02
3.203070941280910383e-02
3.171758805246330248e-02
3.215916945807917315e-02
3.175773181661020045e-02
3.219931322222607112e-02
3.184604809773337875e-02
3.228762950334924248e-02
3.191027812036840994e-02
3.153292673738757740e-02
3.197450814300344807e-02
3.162927177134012419e-02
3.207085317695600180e-02
3.174970306378082502e-02
3.219128446939668875e-02
3.187013435622151197e-02
3.231171576183738264e-02
3.196647939017406570e-02
3.240806079578993637e-02
3.201465190715034603e-02
3.169350179397516926e-02
3.213508319959103299e-02
3.182999059207461401e-02
3.227157199769048468e-02
3.188619186188026977e-02
3.232777326749614738e-02
3.196647939017406570e-02
3.240806079578993637e-02
3.205479567129723706e-02
3.165335802982827129e-02
3.209493943544413502e-02
3.176576056943958282e-02
3.220734197505544655e-02
3.181393308641585621e-02
3.225551449203172688e-02
3.191027812036840994e-02
3.235185952598428061e-02
3.207888192978537722e-02
3.252046333540124790e-02
3.215916945807917315e-02
3.178181807509834061e-02
3.222339948071421128e-02
3.189422061470965214e-02
3.233580202032552281e-02
3.201465190715034603e-02
3.245623331276621670e-02
3.218325571656731332e-02
3.262483712218318399e-02
3.224748573920234451e-02
3.190224936753903451e-02
3.234383077315489824e-02
3.201465190715034603e-02
3.245623331276621670e-02
3.211099694110289976e-02
3.255257834671877043e-02
3.222339948071421128e-02
3.266498088633008196e-02
3.223945698637296908e-02
3.268103839198883975e-02
3.229565825617862485e-02
3.203070941280910383e-02
3.247229081842496756e-02
3.207085317695600180e-02
3.251243458257187247e-02
3.211099694110289976e-02
3.255257834671877043e-02
3.219931322222607112e-02
3.264089462784194179e-02
3.232777326749614738e-02
3.198253689583282350e-02
3.242411830144869417e-02
3.205479567129723706e-02
3.249637707691311467e-02
3.213508319959103299e-02
3.257666460520690366e-02
3.219931322222607112e-02
3.264089462784194179e-02
3.224748573920234451e-02
3.268906714481822212e-02
3.237594578447242077e-02
3.202268065997972146e-02
3.246426206559559213e-02
3.218325571656731332e-02
3.262483712218318399e-02
3.228762950334924248e-02
3.272921090896511315e-02
3.244017580710745891e-02
3.288175721272332264e-02
3.248031957125435687e-02
3.211099694110289976e-02
3.255257834671877043e-02
3.223945698637296908e-02
3.268103839198883975e-02
3.226354324486110231e-02
3.270512465047697992e-02
3.241608954861931180e-02
3.285767095423518941e-02
3.251243458257187247e-02
3.295401598818774314e-02
3.259272211086566839e-02
3.223945698637296908e-02
3.268103839198883975e-02
3.231974451466676501e-02
3.276132592028263568e-02
3.238397453730180314e-02
3.282555594291766687e-02
3.248031957125435687e-02
3.292190097687022060e-02
3.259272211086566839e-02
3.221537072788482892e-02
3.265695213350069959e-02
3.233580202032552281e-02
3.277738342594139348e-02
3.240003204296055400e-02
3.284161344857642467e-02
3.248031957125435687e-02
3.292190097687022060e-02
3.257666460520690366e-02
3.301824601082277433e-02
3.268103839198883975e-02
3.225551449203172688e-02
3.269709589764759755e-02
3.235988827881365604e-02
3.280146968442953365e-02
3.248031957125435687e-02
3.292190097687022060e-02
3.258469335803628603e-02
3.302627476365215670e-02
3.267300963915945738e-02
3.311057666836064034e-02
