2.495123924027788879e-03
1.862195838152922150e-03
1.517428790978440217e-03
1.264351193425707889e-03
1.064714890528207407e-03
9.005201207658172996e-04
7.629027453533582248e-04
6.456605171525771044e-04
5.445939831560451909e-04
4.581493496890620297e-04
3.836103771975670667e-04
3.189961225042554308e-04
2.638776013679001737e-04
2.168248978428378201e-04
1.769856884468906958e-04
1.435933562550145487e-04
1.157776436124838103e-04
9.360167531796107117e-05
7.607490830076095651e-05
6.277098384072076224e-05
5.408190320248408957e-05
4.568546673386986244e-05
4.029379384118145853e-05
3.636045474513913183e-05
3.383510555280162401e-05
3.118866409005482509e-05
2.940712650094610281e-05
2.811196796834076835e-05
2.706716284880339522e-05
2.625847149000182446e-05
2.576846089262113082e-05
2.549041291112908090e-05
2.437675999680360330e-05
2.393123798314367788e-05
2.352813317396502892e-05
2.315802195362542154e-05
2.290557822585059791e-05
2.257842669448949119e-05
2.239382011574635124e-05
2.206640913374324024e-05
2.265757349002232683e-05
2.182230319080537690e-05
2.168526768428774367e-05
2.146617589676369782e-05
2.134091916815358334e-05
2.122813854260605158e-05
2.113960505316056401e-05
2.104559398677372366e-05
2.103638802643106466e-05
2.095660613567456110e-05
2.088741098480904621e-05
2.081372614529382277e-05
2.075247360907579613e-05
2.069939001111426797e-05
2.065105183559198395e-05
2.061039663317452693e-05
2.057176903693257823e-05
2.054051653945609512e-05
2.050261650968917361e-05
2.047750950997783570e-05
2.101556105412326995e-05
2.044039038036690189e-05
2.042816516713177364e-05
2.041733798028265434e-05
2.040008832632260260e-05
2.039484571116110680e-05
2.039159063444110368e-05
2.039025084020781341e-05
2.038936113255955675e-05
2.038921325932648238e-05
2.038781545914502657e-05
2.038773446467206403e-05
2.038712883473125392e-05
2.038702507800068729e-05
2.038700168399543150e-05
2.038698846229967314e-05
2.038693358506878729e-05
2.038678986522993828e-05
2.038674824558132334e-05
2.038671406611749530e-05
2.094596733871727318e-05
2.038656031336429713e-05
2.038655329583230163e-05
2.038653295644086888e-05
2.038652255656331211e-05
2.038650516544603184e-05
2.038651809083700381e-05
2.038649611377167767e-05
2.038651061723851881e-05
2.038649270811902908e-05
2.038648495265938044e-05
2.038647566101487992e-05
2.038645904406070564e-05
2.038643688070868718e-05
2.038643069285685103e-05
2.038641385159409167e-05
2.038639126828168107e-05
2.038638339501787597e-05
2.038636782393993046e-05
2.038636754638037960e-05
2.094610511337792778e-05
2.038634519558827761e-05
2.038633478710577752e-05
2.038632051831948055e-05
2.038628693773643363e-05
2.038627310410309133e-05
2.038623823078495361e-05
2.038622447102784969e-05
2.038623405955290556e-05
2.038622436147241178e-05
2.038621893982188362e-05
2.038622038047526296e-05
2.038620328372143056e-05
2.038618800112292030e-05
2.038617257739222760e-05
2.038616434748136131e-05
2.038615577317280756e-05
2.038613741914336694e-05
2.038611417198399160e-05
2.038607925389352866e-05
2.094600084586916705e-05
2.038606169079223594e-05
2.038599788879487615e-05
2.038598673829550534e-05
2.038597902532867395e-05
2.038596523065020410e-05
2.038596955251250641e-05
2.038595762158650217e-05
2.038596744383939344e-05
2.038595240063182840e-05
2.038596237999889255e-05
2.038596077598218536e-05
2.038594986783636253e-05
2.038595839904318736e-05
2.038593970729064841e-05
2.038592743265378525e-05
2.038591843396507565e-05
2.038590490383657762e-05
2.038583201076850748e-05
2.038582871975702491e-05
2.094526412435825249e-05
2.038581370945762838e-05
2.038580277653970020e-05
2.038579442838968199e-05
2.038578943556571766e-05
2.038577665411657030e-05
2.038573070774267766e-05
2.038550850592570340e-05
2.038551986569789613e-05
2.038550956991697519e-05
2.038550845129313201e-05
2.038551061060214222e-05
2.038549839001220509e-05
2.038548843484217868e-05
2.038547634005436770e-05
2.038547721984497587e-05
2.038546356566725250e-05
2.038545781136737032e-05
2.038544415278397109e-05
2.038544568498411232e-05
2.094484469001432322e-05
2.038543973179006904e-05
2.038542030170854258e-05
2.038540629702646127e-05
2.038535785405273828e-05
2.038535374191510253e-05
2.038533992747167451e-05
2.038533219047629041e-05
2.038525502837369930e-05
2.038524698882060622e-05
2.038525025285096556e-05
2.038525395158725961e-05
2.038523730772725317e-05
2.038522858768695867e-05
2.038521937310908000e-05
2.038522461016609066e-05
2.038521778642464220e-05
2.038520795137593251e-05
2.038520165582058418e-05
2.038518526581402100e-05
2.094466454321545405e-05
2.038517868314574551e-05
2.038518604929337471e-05
2.038517682931122255e-05
2.038518550921588067e-05
2.038517898431519459e-05
2.038515816028508581e-05
2.038514846272842769e-05
2.038515092185022142e-05
2.038513964237760929e-05
2.038514318350148535e-05
2.038514584173243408e-05
2.038514204631354970e-05
2.038514278063462804e-05
2.038513833139325124e-05
2.038509592079555991e-05
2.038508724951912837e-05
2.038511201838038645e-05
2.038510327294788056e-05
2.038508978161010339e-05
2.094447266995190307e-05
2.038503331823233734e-05
2.038503172016530816e-05
2.038502254709162378e-05
2.038501721151242987e-05
2.038501008654191815e-05
2.038501233039441846e-05
2.038500858962609307e-05
2.038501486040727607e-05
2.038500620899876464e-05
2.038501979644674115e-05
2.038414006405989525e-05
2.038404495511309469e-05
2.038365425871969177e-05
2.038363789772880801e-05
2.038360039897367616e-05
2.038351592324998146e-05
2.038349929631548901e-05
2.038349144723646000e-05
2.038348834366090372e-05
2.094401281051271266e-05
2.038345353478699775e-05
2.038328240502084099e-05
2.038325382425786768e-05
2.038325813988831821e-05
2.038324868536199418e-05
2.038321426790710211e-05
2.038320015779662557e-05
2.038298293587633092e-05
2.038297472853634818e-05
2.038296557922331695e-05
2.038298826620352076e-05
2.038297054275059697e-05
2.038297157386854041e-05
2.038295795062496172e-05
2.038296227364987096e-05
2.038294877373951388e-05
2.038295194189008040e-05
2.038294103205523321e-05
2.038293913423714889e-05
2.094247049382585567e-05
2.038289537970778114e-05
2.038288958929939263e-05
2.038288391167362063e-05
2.038287484573698328e-05
2.038286976494063107e-05
2.038286958532907337e-05
2.038285532677550023e-05
2.038286200272032797e-05
2.038285330323994223e-05
2.038285503727442128e-05
2.038284999757465754e-05
2.038284103582498023e-05
2.038283184424380552e-05
2.038282141131739147e-05
2.038280854345373276e-05
2.038280246710399242e-05
2.038270690988791168e-05
2.038268185578504923e-05
2.038268208138432956e-05
2.094199387814273057e-05
2.038268231607490600e-05
2.038269126890471651e-05
2.038268325446501868e-05
2.038268883487672446e-05
2.038268540719807506e-05
2.038268612534885059e-05
2.038267861068109900e-05
2.038266032012356745e-05
2.038265245107557746e-05
2.038263914987156378e-05
2.038264711434905710e-05
2.038262581367019855e-05
2.038262092142539633e-05
2.038261446710995796e-05
2.038258712702115030e-05
2.038258280726128879e-05
2.038256812746190358e-05
2.038256346841877683e-05
2.038254343557852541e-05
2.094180354089110460e-05
2.038254039797031181e-05
2.038252214430660470e-05
2.038251628128670304e-05
2.038251252628101080e-05
2.038250503332667438e-05
2.038245919036110843e-05
2.038245150239627052e-05
2.038245169333411562e-05
2.038244141772526738e-05
2.038243346768039895e-05
2.038238959932673697e-05
2.038237792292446366e-05
2.038237116723227337e-05
2.038236209780993282e-05
2.038236016819694894e-05
2.038234596133900274e-05
2.038234240869064373e-05
2.038234086577634887e-05
2.038233925159252226e-05
2.094174948677005873e-05
2.038233393133139065e-05
2.038233258905771346e-05
2.038232928618683451e-05
2.038224872966395643e-05
2.038224389227738195e-05
2.038224062975432790e-05
2.038223510776009586e-05
2.038222197475382687e-05
2.038221639498756019e-05
2.038221743742242963e-05
2.038220701978172460e-05
2.038220358654680673e-05
2.038220030396115052e-05
2.038219652366010003e-05
2.038174190383484848e-05
2.038173260840461551e-05
2.038172948661364959e-05
2.038164727715887723e-05
2.038169824423696934e-05
2.094078598738807872e-05
2.038167923269830844e-05
2.038167507937081911e-05
2.038167150056605898e-05
2.038167917853220826e-05
2.038166401715235947e-05
2.038166935867344207e-05
2.038166419268574490e-05
2.038165423251694678e-05
2.038164872887930445e-05
2.038165382115462684e-05
2.038165780549150460e-05
2.038164131895515922e-05
2.038164547998738560e-05
2.038163926825737557e-05
2.038164147686923953e-05
2.038162697206090827e-05
2.038163483518130070e-05
2.038162649229381348e-05
2.038161899157252374e-05
2.094065839596730575e-05
2.038162172659471714e-05
2.038161597214972466e-05
2.038160990873757910e-05
2.038155181940215393e-05
2.038154826455395211e-05
2.038155743010468626e-05
2.038154924521905567e-05
2.038154903408782992e-05
2.038154036482729613e-05
2.038154231076751770e-05
2.038152943267058291e-05
2.038151454172855732e-05
2.038150020520373791e-05
2.038149484804955097e-05
2.038147255746057321e-05
2.038145972673649709e-05
2.038144556351394445e-05
2.038144239237835251e-05
2.038144993942542929e-05
2.094087387463455007e-05
2.038144428760527835e-05
2.038144665255965801e-05
2.038144285838039958e-05
2.038144542296278257e-05
2.038143424901131578e-05
2.038142744276223270e-05
2.038141798633134153e-05
2.038142328654057408e-05
2.038141446316546858e-05
2.038141992929903311e-05
2.038138184571383141e-05
2.038135795750554576e-05
2.038135369553927757e-05
2.038134827194022127e-05
2.038134020791085757e-05
2.038133712075202971e-05
2.038134025952264858e-05
2.038133278363548395e-05
2.038134017926862481e-05
2.094064030678919773e-05
2.038132532192700371e-05
2.038134306104013690e-05
2.038133422645513310e-05
2.038133318793505683e-05
2.038132541195578093e-05
2.038132345568236726e-05
2.038131885244400725e-05
2.038131460908424415e-05
2.038130794192209437e-05
2.038131113525650556e-05
2.038131032125164974e-05
2.038130393885386225e-05
2.038130472460499560e-05
2.038130047496740716e-05
2.038129505804352274e-05
2.038128748937532352e-05
2.038128391609170031e-05
2.038128081814041570e-05
2.038128829010403564e-05
2.038128348568441376e-05
