7.849033719776857959e-03
6.745001688160071930e-03
6.031721639884235313e-03
5.469243255307995599e-03
5.000685687936962109e-03
4.610995064587001223e-03
4.268246210606520784e-03
3.957691077199215930e-03
3.679656347116879844e-03
3.429651569007013956e-03
3.203500625070182430e-03
2.996396856591229934e-03
2.807133209485524264e-03
2.634865194309713842e-03
2.477993349216190203e-03
2.336310579623381706e-03
2.205916124196693334e-03
2.085395778467312184e-03
1.973421044890599427e-03
1.869352082114141781e-03
1.772768511090156828e-03
1.683742998915796225e-03
1.601582403393187826e-03
1.525248023562553916e-03
1.453860203607719405e-03
1.387506714014080005e-03
1.325246653196096580e-03
1.266636823488311633e-03
1.211780201246943130e-03
1.160548225940663493e-03
1.112964936632787529e-03
1.068915655902312207e-03
1.027475249092371212e-03
9.886289864909042317e-04
9.523527788758939620e-04
9.181841184569699849e-04
8.861263705270365628e-04
8.561404023853024046e-04
8.282327024041746810e-04
8.019748029613861864e-04
7.776071041442763569e-04
7.549731474087534268e-04
7.339402622173349594e-04
7.143413264819830060e-04
6.941894698378365007e-04
6.757078179457397856e-04
6.587533866957037644e-04
6.428999498006251383e-04
6.281132979067328330e-04
6.139323982694033267e-04
6.006896353249523233e-04
5.884815404751065834e-04
5.763528539503080632e-04
5.645490944775831106e-04
5.542654861067740487e-04
5.444377898326526691e-04
5.352611430207331522e-04
5.259440070643362896e-04
5.172667272707615754e-04
5.094037742187929865e-04
5.018761343184677563e-04
4.940065287061099928e-04
4.865439331042755756e-04
4.796668789564302203e-04
4.731720698634203897e-04
4.671461125862828964e-04
4.613591662671167183e-04
4.558888889886041898e-04
4.505553310246737078e-04
4.453465131850303338e-04
4.402731275190861424e-04
4.352632938702534590e-04
4.304258133460504084e-04
4.258839912555384280e-04
4.215031130933421925e-04
4.171927640474751221e-04
4.130818033354975542e-04
4.088868729394764157e-04
4.049951829805717289e-04
4.012493509151438464e-04
3.975007854671494512e-04
3.938578134906583605e-04
3.902924507358352486e-04
3.869035699122827499e-04
3.836276493910462993e-04
3.803326775241846949e-04
3.770182683105063144e-04
3.739598753252802374e-04
3.709278335405503382e-04
3.679588918500335923e-04
3.649973214693088435e-04
3.621355035681321000e-04
3.592083351959635086e-04
3.564874721776197073e-04
3.535986056755955590e-04
3.508827752565844122e-04
3.481840078299060204e-04
3.456000818628152983e-04
3.430871000024046354e-04
3.405957893110707281e-04
3.381888351293190062e-04
3.358263435649984515e-04
3.334715941996380128e-04
3.311474741123913881e-04
3.289101221626778348e-04
3.266253658391906310e-04
3.244397423295368585e-04
3.222699429686325676e-04
3.201279204323964449e-04
3.178913920880306046e-04
3.157321937340690351e-04
3.136731573171807567e-04
3.116153428482881208e-04
3.096075138341931768e-04
3.075645855189045996e-04
3.055999756986372672e-04
3.033024628372614950e-04
3.012249776063973114e-04
2.992983600568161016e-04
2.973693585064276341e-04
2.954960652425887477e-04
2.936788320844465543e-04
2.918067800308180178e-04
2.899899438512017766e-04
2.881877889595349344e-04
2.864422268581609792e-04
2.847056228548105398e-04
2.829842881437552343e-04
2.812596301954269420e-04
2.795246540255497169e-04
2.778352990750077999e-04
2.761778855619013789e-04
2.743378172546276730e-04
2.727095027034620763e-04
2.710942178300835507e-04
2.694937032693203727e-04
2.679157759790591381e-04
2.663436216508453238e-04
2.646835574581673958e-04
2.630404358429607641e-04
2.611916694849459697e-04
2.596316257504422071e-04
2.580637441990736754e-04
2.565532518473422107e-04
2.550607859423166947e-04
2.535549780431480080e-04
2.520812679554964154e-04
2.506070770126653095e-04
2.491576662919567885e-04
2.477293166066160050e-04
2.460496533445887999e-04
2.445526406397977070e-04
2.431220879043421382e-04
2.417199462101466334e-04
2.403062831211958664e-04
2.389249997071212080e-04
2.375628663640140038e-04
2.362188915171448914e-04
2.348797077286111608e-04
2.335520078368161462e-04
2.322432442537622683e-04
2.309341649652390551e-04
2.295517900799210408e-04
2.282574657922178864e-04
2.269856433763788072e-04
2.257313265397325748e-04
2.244578514807251302e-04
2.232074899953879121e-04
2.219739112769442417e-04
2.207616015930757662e-04
2.195505371197030409e-04
2.183380187114253084e-04
2.171338975376203395e-04
2.159755864792112289e-04
2.148100061761591239e-04
2.136358848497605170e-04
2.124817457123834589e-04
2.113444679493460760e-04
2.100241596440724642e-04
2.088664662497059874e-04
2.077487398432075892e-04
2.066377629914042632e-04
2.054453187263295991e-04
2.043471785293330680e-04
2.032608598268562821e-04
2.021697377460296939e-04
2.010961154104896507e-04
2.000462273611355629e-04
1.989932035609810973e-04
1.979536605743191285e-04
1.969294999240913660e-04
1.957446568511943144e-04
1.947145192609115783e-04
1.937071303949119028e-04
1.926953431919261011e-04
1.916020090088176443e-04
1.905614508535725818e-04
1.894314242299084141e-04
1.883282212495627280e-04
1.873253026427727807e-04
1.863354800234805566e-04
1.853800926998182166e-04
1.844212366979394756e-04
1.834554263373013570e-04
1.825195191055762516e-04
1.815976677326085480e-04
1.806869782774745965e-04
1.797916663062960267e-04
1.788861815398238447e-04
1.779251876413733067e-04
1.769836605750941053e-04
1.760977199572576343e-04
1.752274472342864916e-04
1.743527458817539170e-04
1.734881551557069840e-04
1.726362938714278621e-04
1.717928975659581468e-04
1.709561629151833183e-04
1.701198561813704999e-04
1.693008671660082122e-04
1.684787076450170828e-04
1.676713139730299899e-04
1.668775076065856251e-04
1.659889583856814679e-04
1.652066499419571773e-04
1.644367571970583729e-04
1.636497216085610229e-04
1.628828097151510928e-04
1.621249716764117577e-04
1.613448280776183085e-04
1.605835851776801879e-04
1.598446462660017831e-04
1.587974745733093250e-04
1.580569656134395281e-04
1.573051232473212833e-04
1.565837496738157434e-04
1.558640607999075319e-04
1.550596729516878715e-04
1.539105158321490171e-04
1.531685556764748532e-04
1.524636219397191065e-04
1.517627163173730133e-04
1.510852838569107085e-04
1.503921054191738847e-04
1.497167292948661029e-04
1.490531908104842588e-04
1.483930026495447279e-04
1.477441532138465852e-04
1.471001067439144864e-04
1.463564552085408845e-04
1.456818696519944771e-04
1.450534843672311334e-04
1.444356660016860331e-04
1.437590240578034419e-04
1.431552341721736301e-04
1.425497846130738733e-04
1.419432317802900355e-04
1.413333221602459597e-04
1.407440177704000531e-04
1.401652126408567563e-04
1.395697204157942447e-04
1.389876917813338256e-04
1.384021596045903750e-04
1.378382108784474800e-04
1.372870955283250391e-04
1.367386769885190812e-04
1.361790127724210586e-04
1.356311093776484480e-04
1.350946526586735430e-04
1.345686436717053488e-04
1.340503459094088967e-04
1.335365221767360585e-04
1.329713179177354973e-04
1.324562286886041122e-04
1.319476159457392259e-04
1.314537716421026081e-04
1.309588172584946319e-04
1.304721693304995939e-04
1.299925650168900170e-04
1.295148052049241200e-04
1.290231043640252897e-04
1.282630944533787545e-04
1.274009362000244660e-04
1.269074926879092385e-04
1.264308613439104972e-04
1.259045074285935345e-04
1.254255572999992254e-04
1.249124243285318922e-04
1.244153126250145875e-04
1.239534609562971911e-04
1.235091311994081351e-04
1.229862371582503722e-04
1.225443905667463818e-04
1.220829504138733082e-04
1.216615251348615795e-04
1.211828879315762265e-04
1.206560810692345009e-04
1.202495710648145567e-04
1.198476077675083239e-04
1.194582676373072075e-04
1.190696049659430308e-04
1.186569650441582976e-04
1.182819549434790165e-04
1.178676594129055607e-04
1.174926367735553724e-04
1.170859087527992428e-04
1.167178798832023369e-04
1.163422251849597548e-04
1.159923004169053111e-04
1.156314945550370642e-04
1.152858084559859589e-04
1.149450926503711853e-04
1.146041609237714761e-04
1.142480728705641373e-04
1.139120528664610085e-04
1.135832673137555221e-04
1.132664682155383852e-04
1.129196454981109301e-04
1.124383868798375295e-04
1.120972038300128125e-04
1.117317304282181858e-04
1.114232639717177689e-04
1.111222693488343174e-04
1.108318215054368203e-04
1.105085505997152010e-04
1.102178523505347894e-04
1.099260262418568092e-04
1.096319822718506851e-04
1.092335141961719449e-04
1.089112399287712964e-04
1.086280852518555602e-04
1.083342052760734119e-04
1.079842767850102097e-04
1.077232786892037115e-04
1.072922342915096842e-04
1.070298786405970553e-04
1.067766501127121403e-04
1.065191500119994599e-04
1.062625557226402483e-04
1.059980467044878492e-04
1.057494391519757501e-04
1.055145038959365256e-04
1.052865032678836332e-04
1.050580218273246253e-04
1.048117199708876329e-04
1.045777690631774384e-04
1.043467107896437840e-04
1.041256987052692029e-04
1.038228357419225490e-04
1.035734145024855637e-04
1.033611670857841888e-04
1.031436586154294314e-04
1.029459376973608644e-04
1.027536605895465753e-04
1.025567878406220444e-04
1.023680909879486951e-04
1.021608126270552846e-04
1.019746290117631230e-04
1.017961212034846122e-04
1.016162485172539872e-04
1.013286412420897443e-04
1.010953856411461396e-04
1.009220712746209780e-04
1.007490380752324002e-04
1.005894357950592007e-04
1.004143686690987260e-04
1.001162936626089886e-04
9.981584428722030150e-05
9.964504375922840387e-05
9.945736330205495052e-05
9.926946069272371662e-05
9.910648296740579683e-05
9.891998959005441131e-05
9.877774255160526632e-05
9.862302417204057037e-05
9.839709621503601978e-05
9.826582860113437009e-05
9.812688981775756470e-05
9.799314953714389305e-05
9.784714868080985153e-05
9.772096146332734910e-05
9.759568077078101863e-05
9.747091697404362603e-05
9.735850679374269889e-05
9.723225085322460630e-05
9.710571539449593429e-05
9.697449953810858821e-05
9.685646397819533729e-05
9.666647550399805973e-05
9.655479087742122176e-05
9.645048204281792036e-05
9.627636629441192761e-05
9.609278821978100400e-05
9.600008835395891721e-05
9.590778013388539082e-05
9.578734348047898651e-05
9.566717394592105274e-05
9.557495081258288617e-05
9.547083236443453132e-05
9.536930461236460316e-05
9.527579414893370523e-05
9.518809626180378257e-05
9.503067153995496772e-05
9.494716956529727979e-05
9.483715901930975093e-05
9.470496414313114321e-05
9.463307621869839923e-05
9.454984453533714969e-05
9.444402522985031925e-05
9.430683320226738173e-05
9.423699429272516359e-05
9.417445746468218004e-05
9.411449816007231629e-05
9.402933475809760228e-05
9.391680734360268357e-05
9.376894954699982682e-05
9.362413234582479349e-05
9.355586438470657397e-05
9.349011880534745115e-05
9.337530274619166139e-05
9.327316195862760681e-05
9.320427139723119682e-05
9.314258170069257569e-05
9.308787767965049959e-05
9.298198152998474056e-05
9.292826366041713666e-05
9.287786384369554871e-05
9.282465337772059777e-05
9.274679278135298513e-05
9.267327274507631911e-05
9.262213893051927862e-05
9.255973604055338214e-05
9.250983993937769874e-05
9.246559738274552826e-05
9.242766666296668037e-05
9.239282348388094443e-05
9.234835914485479687e-05
9.231429162060174180e-05
9.228091637940836773e-05
9.223267802606982611e-05
9.217025368694973641e-05
9.213579853083868636e-05
9.210542313702792532e-05
9.207134965811666276e-05
9.202731878830222535e-05
9.199840451349989483e-05
9.196747788030735626e-05
9.191444469520278183e-05
9.188407897137986727e-05
9.184445396992721206e-05
9.181279211645578268e-05
9.178889654615858453e-05
9.174887534589471654e-05
9.172175666266492303e-05
9.168325217785641961e-05
9.165228100423178815e-05
9.159747053217882342e-05
9.155954590704547507e-05
9.150448499966192895e-05
9.146008571858234661e-05
9.143736653946971408e-05
9.138262107630898033e-05
9.131250939846020389e-05
9.128222846132468525e-05
9.125819528289537679e-05
9.123990268859819832e-05
9.121485445406660804e-05
9.119235029900419004e-05
9.115084804983399026e-05
9.112952120386165998e-05
9.110683691326850971e-05
9.108933600060604931e-05
9.105657975973078687e-05
9.103883642662365984e-05
9.101965631751120656e-05
9.100787193240537822e-05
9.099020638905074173e-05
9.095221221606170547e-05
9.091370893363829025e-05
9.087282409038694754e-05
9.085933488380728141e-05
9.084608723577557339e-05
9.081626596134832828e-05
9.075153082339551926e-05
9.070147584316188183e-05
9.068194778735952203e-05
9.067078764627323380e-05
9.066085994453695538e-05
9.065107945761467876e-05
9.064284356522894466e-05
9.063175423059848846e-05
9.061804116381182595e-05
9.060930296533536792e-05
9.059731755099933060e-05
9.058980443533705103e-05
9.058295690950929401e-05
9.057705042464218761e-05
9.056990794221161445e-05
9.055482995851502775e-05
9.053701559419825937e-05
9.052732804864664683e-05
9.051916906112995528e-05
9.048799425693209147e-05
9.045038847413106736e-05
9.044312467491503289e-05
9.043268547616114812e-05
9.039815786651038887e-05
9.038970165933471078e-05
9.038105167323670815e-05
9.037278383178285422e-05
9.036913251587297803e-05
9.036638132704078027e-05
9.035129477056456817e-05
9.033696165117676390e-05
9.032734869992526208e-05
9.031754244956821068e-05
9.031257816929184673e-05
9.030327516035254398e-05
9.029889226956946382e-05
9.029238437730373085e-05
9.029086758657700704e-05
9.028698019480255828e-05
9.028078428801922283e-05
9.027727928368887067e-05
9.027584513276930788e-05
9.027423702132155228e-05
9.026858194875426523e-05
9.026710801081214890e-05
9.025719017197307190e-05
9.025414725977756692e-05
9.025057702562388161e-05
9.024877194913690382e-05
9.024430835967530340e-05
9.024343564827005905e-05
9.024138859635408880e-05
9.023898284141430523e-05
9.023834985998073390e-05
9.023716416277137258e-05
9.023565870447752498e-05
9.022707700870407591e-05
9.022375769905119976e-05
9.021223864477131245e-05
9.020853827534613110e-05
9.018653327876583912e-05
9.018168988027205912e-05
9.017623383475373690e-05
9.017503096355753355e-05
9.017458516981288188e-05
9.017200118776648194e-05
9.017093464169456348e-05
9.016826721130418484e-05
9.015932657603322646e-05
9.014937265183203406e-05
9.014366523136818101e-05
9.014021777529358109e-05
9.013899665591096854e-05
9.013350392302487584e-05
9.013213630579630458e-05
9.013023376636293549e-05
9.012346817815202621e-05
9.007186420584947274e-05
9.004565113813608134e-05
9.004280453590312477e-05
9.002240046353661256e-05
9.001866597529347151e-05
9.001729689927342505e-05
8.999859102732152673e-05
8.997777273724973991e-05
8.995116817372529139e-05
8.992403224108745988e-05
8.988631264868091075e-05
8.982907347659070739e-05
8.980623563774582055e-05
8.979183319527561267e-05
8.977584621156382014e-05
8.975372036805721735e-05
8.972893679520739822e-05
8.971804239924779261e-05
8.971238429395148972e-05
8.969975145072915255e-05
8.968218747074813981e-05
8.965955033575276193e-05
8.964772204798241654e-05
8.963748411483125358e-05
8.961950132711812129e-05
8.958448577627111168e-05
8.956024955125847212e-05
8.954202905728643426e-05
8.950949988494253501e-05
8.949113085852223410e-05
8.945209690648654830e-05
8.940705311298721356e-05
8.940546524713552400e-05
8.938277336593679367e-05
8.938293717020059361e-05
8.936929048340472282e-05
8.936490044086949753e-05
8.933614922228031124e-05
8.928237800085086562e-05
8.928520200912364502e-05
8.921771281174824904e-05
8.918043562669560151e-05
8.905417427042334653e-05
8.902960506543370093e-05
8.906096726049257185e-05
8.905202629922435477e-05
8.907209222840079639e-05
8.899436612371325133e-05
8.901899143260943808e-05
8.902719277003130142e-05
8.898225536298058104e-05
8.899805602185501929e-05
8.898355927776652587e-05
8.898824320186150437e-05
8.903276860963619361e-05
8.891677474781554415e-05
8.906366377090183385e-05
8.912261091793916641e-05
8.954670353808793484e-05
8.980683765557516624e-05
9.044938689273025626e-05
