6.383391241670738955e-04
5.640312934741185903e-04
5.042024846944108364e-04
4.537441036425790683e-04
4.098150378585023630e-04
3.712570840574830333e-04
3.368758307293654407e-04
3.062567465655162522e-04
2.787578988319025985e-04
2.540330887935086501e-04
2.316662548036587776e-04
2.113592002749754438e-04
1.928642817672051918e-04
1.760030662295879102e-04
1.605500040532397039e-04
1.463593782827113203e-04
1.332830453860512992e-04
1.212152288655262864e-04
1.100559514753484498e-04
9.974496547931624511e-05
9.026836803373899302e-05
8.153669774397747749e-05
7.349856068352833961e-05
6.608370704058800756e-05
5.925869496654436900e-05
5.297404551858470837e-05
4.719756998553764578e-05
4.189639801380926157e-05
3.704161659808891203e-05
3.260538255437857335e-05
2.856633853906856110e-05
2.491418300625997624e-05
2.162009671802081590e-05
1.867092030183350508e-05
1.604804795446699257e-05
1.373611861594962468e-05
1.171676331540760010e-05
9.974412538193108384e-06
8.486445353907257259e-06
7.216341686257819537e-06
6.141301508367820602e-06
5.217748634227557156e-06
4.421772882617353453e-06
3.736002199414207931e-06
3.147707058036555330e-06
2.650355656988534607e-06
2.231388506858868491e-06
1.881359281499600459e-06
1.590722314938836836e-06
1.349705931310518034e-06
1.147592733849378840e-06
9.824689851153438179e-07
8.463254339373381858e-07
7.290320022721953812e-07
6.282611527440917483e-07
5.413705212581845564e-07
4.656732364769021010e-07
4.001120425389058098e-07
3.438229231933884013e-07
2.932115256838959794e-07
2.502792398477542296e-07
2.133803949805817423e-07
1.815069729019875611e-07
1.540260435947052496e-07
1.306860318844084246e-07
1.117697268667323921e-07
9.577540086369611435e-08
8.245676634239995974e-08
7.079135839545599598e-08
6.141129038726126609e-08
5.375400981367889316e-08
4.790489723434135420e-08
4.296632784801011631e-08
3.942780581524136036e-08
3.640944580143415762e-08
3.422677542189691729e-08
3.196087835566305803e-08
3.065882004419561722e-08
2.966642402661981883e-08
2.907302514191850720e-08
2.895961382252989706e-08
2.869258666724649640e-08
2.828909443998477894e-08
2.807307864474178696e-08
2.806193971764443981e-08
2.794277743867091134e-08
2.790822332969945092e-08
2.789635211845983093e-08
2.786253618696584094e-08
2.781814853679133998e-08
2.772564968716195052e-08
2.764194096763285410e-08
2.758085411590756537e-08
2.751773899458396694e-08
2.745038532714184039e-08
2.740952321235356739e-08
2.718725592219155949e-08
2.683237104690292823e-08
2.677229913819106206e-08
2.662837481493579381e-08
2.659857573817122632e-08
2.657156440349115358e-08
2.656513391776542218e-08
2.652739989448729120e-08
2.650196425991826019e-08
2.649519225781546638e-08
2.648175133512118251e-08
2.634761585407875437e-08
2.633559113988977793e-08
2.630627293505752910e-08
2.629766979327439521e-08
2.628219591336085743e-08
2.623408674037136841e-08
2.616192039671937924e-08
2.585377241133786820e-08
2.584972916314008370e-08
2.571552238211427404e-08
2.569366382820280605e-08
2.566778819452245359e-08
2.566671156088043005e-08
2.564629616442762908e-08
2.537152456076747319e-08
2.523795594007367293e-08
2.520448736085784494e-08
2.520055513218511846e-08
2.514634712554555626e-08
2.508971714968358357e-08
2.506572788060160733e-08
2.505864822976881075e-08
2.505178687699879202e-08
2.502073540402305036e-08
2.501319002423523528e-08
2.500246679683563485e-08
2.499524087555338392e-08
2.488168531259923260e-08
2.486974131754483061e-08
2.468270955649080285e-08
2.445298794417779591e-08
2.442692080587896669e-08
2.434448853653660209e-08
2.426276248897514060e-08
2.418223737369863171e-08
2.416271355617064152e-08
2.415929797852740758e-08
2.414068191653450045e-08
2.412902041370256821e-08
2.411524681351573132e-08
2.408775553165357179e-08
2.402042606605997663e-08
2.394845083135601675e-08
2.383188023405619656e-08
2.375991957729051053e-08
2.373605635697056717e-08
2.369797017324559610e-08
2.368156701835756062e-08
2.365680327766704975e-08
2.362615654948259724e-08
2.353534682327832160e-08
2.350724266968754916e-08
2.331844241334171471e-08
2.310394314797364956e-08
2.307703175363898736e-08
2.296628028672983623e-08
2.280984991680470741e-08
2.263516806034908362e-08
2.255154908943174783e-08
2.247014347967236380e-08
2.242597436337373640e-08
2.239743083289704277e-08
2.234541404450578998e-08
2.232095070216955677e-08
2.231313742952282067e-08
2.227406921158554826e-08
2.213145644149337933e-08
2.205848783619066525e-08
2.198109454182279649e-08
2.195108330916950313e-08
2.188973408747803971e-08
2.178004576015805023e-08
2.160524996312331968e-08
2.155633634458726271e-08
2.152766337920055790e-08
2.149469861838102668e-08
2.144808359893109544e-08
2.144316628572516607e-08
2.128166763241667700e-08
2.113860814936412796e-08
2.109471525651466012e-08
2.102366541462049615e-08
2.093655060387410022e-08
2.083985596446534370e-08
2.076831864128865748e-08
2.070435711351980487e-08
2.059732330808450719e-08
2.057143271651864463e-08
2.033597042655430563e-08
2.027752812170096239e-08
2.018521684703007309e-08
2.001339006083676221e-08
1.996429810719459200e-08
1.989022891076090833e-08
1.983360691972667228e-08
1.974494973101318621e-08
1.963712301432165813e-08
1.951379592742399004e-08
1.938240966756217616e-08
1.926429242090840964e-08
1.922679597609394945e-08
1.904871396853641741e-08
1.898204600965023870e-08
1.890396024014422221e-08
1.858146386677319711e-08
1.846876381721808105e-08
1.829971515590810057e-08
1.825998371184166204e-08
1.807072404208137918e-08
1.798920562717090699e-08
1.784053163482835729e-08
1.775178153656358063e-08
1.758046358788533589e-08
1.741343720977896780e-08
1.730428198120516727e-08
1.715915643000205114e-08
1.704296668827747772e-08
1.692087697508610770e-08
1.679935746036552205e-08
1.674257815847938889e-08
1.661424071995070769e-08
1.636013060721857776e-08
1.621785300411986188e-08
1.614949859326377991e-08
1.605955745904669396e-08
1.598566105963121492e-08
1.581337641617066787e-08
1.566377411591588437e-08
1.544793806031087055e-08
1.515993287248425205e-08
1.501692412425411548e-08
1.493275721583741587e-08
1.483222632274668871e-08
1.476417036103606300e-08
1.471131903426542677e-08
1.462773871424191249e-08
1.447989410529985268e-08
1.433846969170140968e-08
1.422142421816267270e-08
1.414103427497946570e-08
1.399605101598278357e-08
1.390348402804106799e-08
1.382673615529391764e-08
1.356137177705199235e-08
1.342943222602732679e-08
1.327840357871800550e-08
1.311208009191353951e-08
1.296077122011263611e-08
1.280414489879872190e-08
1.268723234035642253e-08
1.263714940133433224e-08
1.257380185265910227e-08
1.245859899661595992e-08
1.231956154158377029e-08
1.223084222910093505e-08
1.213783828965330955e-08
1.197488732193381907e-08
1.187982968110508531e-08
1.172187816757080915e-08
1.163785025622364651e-08
1.148621876429633342e-08
1.139176370463266917e-08
1.135159136284755018e-08
1.128697647504039201e-08
1.123714022558743596e-08
1.120307446250204339e-08
1.115804472007572880e-08
1.100061092758993311e-08
1.093932790049728098e-08
1.086334320354553064e-08
1.080922532476647251e-08
1.073097236867856100e-08
1.063790437141412530e-08
1.056455861749653149e-08
1.052028831772630697e-08
1.047193887224464254e-08
1.041670067381214385e-08
1.039730520496352215e-08
1.038922663443014299e-08
1.023328891312571767e-08
1.016974480888267814e-08
1.012755411875526646e-08
9.966109258477943461e-09
9.952716116678492667e-09
9.830781660323880287e-09
9.702039018029077072e-09
9.625604584431174762e-09
9.538191437034233172e-09
9.462474741169192416e-09
9.501886045638929002e-09
9.453514446879484024e-09
9.334477775982598671e-09
9.245453402169011501e-09
9.242568691633718539e-09
