2.773327130309211248e-03
2.612433707607566234e-03
2.476714527385708541e-03
2.355796580870443604e-03
2.245329286593464573e-03
2.143480456374522499e-03
2.049192077433505815e-03
1.961216343578632559e-03
1.878779379165507928e-03
1.800862487413441067e-03
1.727435345595320845e-03
1.657962211728899841e-03
1.591898010209439208e-03
1.528916470882461017e-03
1.468700968962641977e-03
1.411330687935969828e-03
1.356601351609354944e-03
1.304235350065868380e-03
1.254069935376101895e-03
1.205950573665434938e-03
1.159765693538179678e-03
1.115499974172649714e-03
1.072990267798404991e-03
1.032140195184436289e-03
9.928056326935813698e-04
9.550539350047643466e-04
9.187590199558780995e-04
8.838065463919689974e-04
8.501448878614923862e-04
8.177029502304658309e-04
7.864187005077555260e-04
7.562705977582001105e-04
7.271816200203639648e-04
6.990834731399020148e-04
6.719544552692015673e-04
6.457339053077869664e-04
6.204081884634459398e-04
5.959212318478552747e-04
5.722683202450949995e-04
5.494268039685813731e-04
5.273387920952559479e-04
5.059839589061997751e-04
4.853330771813659092e-04
4.653626762433028178e-04
4.460686397085570536e-04
4.274230260862784997e-04
4.094226014891029345e-04
3.920206136003943215e-04
3.751959132209356550e-04
3.589484238237641628e-04
3.432623828789823652e-04
3.281072467404726255e-04
3.134462889322448226e-04
2.992775776525971165e-04
2.856065402603055032e-04
2.724122607273212230e-04
2.596820693708839947e-04
2.473961265726506227e-04
2.355417179946691991e-04
2.241160891716683474e-04
2.131058302022777466e-04
2.024981832580019926e-04
1.922801576423226937e-04
1.824478913919172257e-04
1.729905933037700818e-04
1.638992746312925987e-04
1.551690322727865528e-04
1.467878701501864995e-04
1.387491331102959206e-04
1.310340324513344318e-04
1.236383852757129149e-04
1.165634181442267109e-04
1.098000277517035493e-04
1.033291089904598452e-04
9.715204518180962240e-05
9.126648606655891329e-05
8.565425023285990857e-05
8.030965472357471920e-05
7.523249233246101443e-05
7.041481472006611735e-05
6.585055478750109683e-05
6.152816429375463757e-05
5.745047626904639806e-05
5.361007346089020632e-05
4.999679349734611805e-05
4.660477040533047568e-05
4.342996613134780966e-05
4.045811353050649304e-05
3.768640973558627806e-05
3.510567075578171814e-05
3.270874240292900138e-05
3.048686212880158890e-05
2.843514576096173630e-05
2.654260694453892681e-05
2.480058936964407799e-05
2.319575487616872908e-05
2.171837781100424401e-05
2.035156877444661730e-05
1.908670178791779362e-05
1.791365360850100089e-05
1.682515937169307409e-05
1.582466640135271285e-05
1.490205851371284744e-05
1.404556134879689348e-05
1.325205393879864971e-05
1.251679873947692861e-05
1.183416656357197855e-05
1.119971643516499366e-05
1.061203289055122012e-05
1.006901433221451064e-05
9.569231268985759295e-06
9.109097264029143845e-06
8.685126809705657453e-06
8.296246121080784274e-06
7.938975355743696827e-06
7.610980675827136087e-06
7.311193214200699092e-06
7.038872478372076977e-06
6.788846638721709446e-06
6.558518795561667194e-06
6.347167620357957652e-06
6.152728602835811213e-06
5.974929178788073449e-06
5.809575005185373265e-06
5.655556419601948299e-06
5.513604452895553200e-06
5.381145421894281656e-06
5.259442639437964502e-06
5.147194128797438653e-06
5.039886228111549404e-06
4.942255040643433815e-06
4.849986233828904405e-06
4.764434383238900103e-06
4.683996465797402484e-06
4.608264449684673346e-06
4.538823325678121315e-06
4.473410756390910651e-06
4.410840575739946480e-06
4.354254249397479870e-06
4.299212664004336435e-06
4.248097139851711038e-06
4.200456717407346049e-06
4.155208680252695106e-06
4.113734030349551107e-06
4.074579121977479292e-06
4.037231913029924938e-06
4.000473147028377472e-06
3.968235819281482591e-06
3.937508146778868503e-06
3.909185937460753636e-06
3.880781132995906535e-06
3.856187608351070984e-06
3.831368635767692331e-06
3.809035330683410237e-06
3.788083655828786051e-06
3.768497882537478135e-06
3.751285217143748727e-06
3.733893130843406598e-06
3.718045969817011148e-06
3.702859146400718560e-06
3.688022669447772168e-06
3.674255564815750197e-06
3.662322464038278509e-06
3.650744839909301902e-06
3.639552051144709310e-06
3.629081489080369229e-06
3.619093257945596030e-06
3.610697145856294960e-06
3.602081965115165041e-06
3.594512677258947489e-06
3.587267832633256798e-06
3.580316463746943248e-06
3.573782004149386046e-06
3.567205361712021174e-06
3.561765308417401190e-06
3.556463290544392086e-06
3.551176939200112672e-06
3.546131533847879722e-06
3.541537595754153665e-06
3.536928223771029065e-06
3.533472468717472271e-06
3.529636176256485803e-06
3.525441175356891955e-06
3.521970305794647003e-06
3.519273609998682552e-06
3.516877102020581947e-06
3.514069973426347021e-06
3.511651555068238991e-06
3.509407116929889496e-06
3.507293665193565731e-06
3.505283126430642260e-06
3.503435703075493307e-06
3.501511831678409959e-06
3.499856163864519577e-06
3.498852980993878580e-06
3.497371036623765791e-06
3.495933644487532181e-06
3.494587330305894894e-06
3.493807573082462634e-06
3.493265597098321158e-06
3.492804184422304130e-06
3.492116952856881895e-06
3.491913198259178310e-06
3.491808613739594841e-06
3.491317135527973359e-06
3.490599564151567006e-06
3.490436938692835281e-06
3.490362069387643797e-06
3.490081531185353543e-06
3.489943794322530321e-06
3.489824964669376209e-06
3.489664244414951824e-06
3.489088057363803149e-06
3.488892675258271745e-06
3.488750381791004108e-06
3.488631913981338044e-06
3.488198771886439675e-06
3.488132907481607420e-06
3.488098543584746669e-06
3.487988681065988334e-06
3.487704220863722605e-06
3.487372555921303684e-06
3.487250694978240176e-06
3.487196576512718478e-06
3.486980477466755855e-06
3.486765355786930473e-06
3.486699798423392293e-06
3.486474619144014167e-06
3.486001908016406069e-06
3.485433946729208775e-06
3.485269134724347804e-06
3.485216006712493556e-06
3.484761200320853900e-06
3.484572001114812384e-06
3.484478373981907756e-06
3.484425017954407559e-06
3.483711538259086122e-06
3.483123558907573211e-06
3.482573112377177202e-06
3.482294642192054067e-06
3.482108412924621695e-06
3.481988627426788359e-06
3.481666361959208382e-06
3.481445724609856188e-06
3.481238716567968266e-06
3.480987553052157174e-06
3.480611618254373923e-06
3.480266581151515302e-06
3.479467912451821308e-06
3.479138177131514745e-06
3.479115156583235328e-06
3.478914646751465853e-06
3.478747561743631703e-06
3.478446662128536069e-06
3.478256204497039529e-06
3.477862079680434232e-06
3.477686443316562281e-06
3.476961396762663445e-06
3.476716069800922010e-06
3.476169652697438763e-06
3.475966309989458064e-06
3.475536350796324843e-06
3.475076634586107550e-06
3.474532497618608467e-06
3.474148223058117501e-06
3.473661061234496388e-06
3.473314690987151239e-06
3.473037130508890454e-06
3.472944596039071742e-06
3.472525944849051729e-06
3.471309058930854637e-06
3.470801232222742665e-06
3.469860301636664589e-06
3.469167082326731086e-06
3.468426125830845633e-06
3.468043194316449249e-06
3.467466752443819360e-06
3.467045758740218470e-06
3.466483084542464694e-06
3.466062049554708772e-06
3.465229063838468124e-06
3.464855999934175071e-06
3.464684689878925314e-06
3.464033082784461922e-06
3.463758773679381024e-06
3.463323293254068432e-06
3.462717787825979248e-06
3.461846659453135095e-06
3.461063383626298319e-06
3.459830206477319568e-06
3.459226042754885162e-06
3.458584459439102587e-06
3.458039614687494388e-06
3.457278526151034603e-06
3.456611178491583372e-06
3.456071027904342214e-06
3.455357642128434615e-06
3.454940971681083332e-06
3.454368800610148983e-06
3.453917333925171486e-06
3.453585517736541881e-06
