8.229471650113440596e-06
8.311766366614594314e-04
1.654123801672807747e-03
2.477070966684155953e-03
3.300018131695504377e-03
4.122965296706852800e-03
4.863617745217065774e-03
5.686564910228414198e-03
6.180333209235223425e-03
7.003280374246571849e-03
7.431212900052434032e-03
8.254160065063704393e-03
8.961894626973396574e-03
9.784841791984667803e-03
9.982349111587372759e-03
1.080529627659864225e-02
1.042674058069345891e-02
1.124968774570472840e-02
1.096988570960089754e-02
1.179283287461216703e-02
1.115093408590337593e-02
1.197388125091464542e-02
1.157886661170923724e-02
1.240181377672050674e-02
1.177637393131194220e-02
1.259932109632321169e-02
1.205617596741577306e-02
1.287912313242704429e-02
1.230306011691915599e-02
1.312600728193042549e-02
1.250056743652186095e-02
1.332351460153313044e-02
1.279682841592591838e-02
1.361977558093718614e-02
1.301079467882884644e-02
1.383374184384011767e-02
1.327413777163245247e-02
1.409708493664373410e-02
1.345518614793493432e-02
1.427813331294624892e-02
1.353748086443606197e-02
1.436042802944739044e-02
1.371852924073854035e-02
1.454147640574990526e-02
1.383374184384011767e-02
1.465668900885150339e-02
1.393249550364147014e-02
1.475544266865287495e-02
1.398187233354214638e-02
1.480481949855355986e-02
1.408062599334350580e-02
1.490357315835493142e-02
1.429459225624647722e-02
1.511753942125790284e-02
1.442626380264830539e-02
1.524921096765973101e-02
1.429459225624647722e-02
1.511753942125790284e-02
1.445918168924876027e-02
1.528212885426018762e-02
1.444272274594853370e-02
1.526566991095995932e-02
1.445918168924876027e-02
1.528212885426018762e-02
1.452501746244967522e-02
1.534796462746110084e-02
1.473898372535264491e-02
1.556193089036407400e-02
1.477190161195310325e-02
1.559484877696453060e-02
1.500232681815630298e-02
1.582527398316772860e-02
1.506816259135721620e-02
1.589110975636864528e-02
1.521629308105927267e-02
1.603924024607070176e-02
1.533150568416087253e-02
1.615445284917230162e-02
1.546317723056270244e-02
1.628612439557412805e-02
1.554547194706384396e-02
1.636841911207527131e-02
1.559484877696453060e-02
1.641779594197595796e-02
1.561130772026475891e-02
1.643425488527618453e-02
1.575943820996681538e-02
1.658238537497824100e-02
1.597340447286978507e-02
1.679635163788121069e-02
1.585819186976818521e-02
1.668113903477961082e-02
1.584173292646795864e-02
1.666468009147938426e-02
1.597340447286978507e-02
1.679635163788121069e-02
1.594048658626932846e-02
1.676343375128075755e-02
1.595694552956955850e-02
1.677989269458098412e-02
1.759461038794229645e-02
