1.426413228229567263e-03
6.900158603894994327e-04
3.582618063108359337e-04
1.846672923428743947e-04
8.780519438836777873e-05
3.843306021374778874e-05
1.589228097155370796e-05
6.408665968897143785e-06
3.816024106396688782e-06
1.296648618835869870e-06
1.619968167407074917e-06
4.238638760422181501e-07
4.590793407278710222e-07
2.890119971589814236e-07
2.896222120691350400e-07
2.772965385458120068e-07
2.828463424100421781e-07
2.714175037789361827e-07
2.728544482012126765e-07
2.648330118434425202e-07
3.216220320364399959e-07
2.626599089156011457e-07
2.748643461093242693e-07
2.615672083033476603e-07
2.895746604915503533e-07
2.606997482635992845e-07
2.753908897853443601e-07
2.561925499597216829e-07
3.071519830382608895e-07
2.532916771135242877e-07
2.663064756956991607e-07
2.524426512448032526e-07
2.584004608631588255e-07
2.518029243699088012e-07
2.608751152103825547e-07
2.517910128955691247e-07
2.686813676277772811e-07
2.510323588781409428e-07
2.625837331647961907e-07
2.503793451589561110e-07
2.593898167903189195e-07
2.501227559336731487e-07
2.569210778980317319e-07
2.503245642522940770e-07
2.603071963768795004e-07
2.502403670923623294e-07
2.758735226386593076e-07
2.504687904291515690e-07
2.556633498078970338e-07
2.495783838980256008e-07
2.708354086661177482e-07
2.472592404976682801e-07
2.692788442164667096e-07
2.462596461999656547e-07
2.526142660165932168e-07
2.466141953781015116e-07
2.641389699189994609e-07
2.468318939996700101e-07
2.508463422468519416e-07
2.457819231461584025e-07
2.593125683272742164e-07
2.451036367835358093e-07
2.541895499237432489e-07
2.446520120573404279e-07
2.608391819500899557e-07
2.449235417153305266e-07
2.526745255498171347e-07
2.444787060944973718e-07
2.567918564903430003e-07
2.415053034175475432e-07
2.522405902623197612e-07
2.403694104101055117e-07
2.492364754146017150e-07
2.388028948286098320e-07
2.477562896378763999e-07
2.383312870782208728e-07
2.577551982085875256e-07
2.382638848070461610e-07
2.566057666061481192e-07
2.377184801654922441e-07
2.440537756299456562e-07
2.375791995968191168e-07
2.462258891695976666e-07
2.375899807038511651e-07
2.443951866662383162e-07
2.361513692965755335e-07
2.496345849997849612e-07
2.348583245633367400e-07
2.393354271831554223e-07
2.345642673701528662e-07
2.419121032920812916e-07
2.343191990753870995e-07
2.454363884835116911e-07
2.342693689261606242e-07
2.457101762336840530e-07
2.345529310455592657e-07
2.496126271965272842e-07
2.339866803103094813e-07
2.491759454684289858e-07
2.339166746004910623e-07
2.337367457736708400e-07
