4.014376414689482536e-06
6.061708386181105610e-04
1.208327300821534708e-03
1.810483763024962542e-03
2.412640225228363921e-03
3.014796687431765300e-03
3.616953149635176654e-03
4.219109611838636580e-03
4.821266074042096506e-03
5.423422536245556431e-03
6.025578998449016357e-03
6.627735460652475416e-03
7.229891922855934475e-03
7.832048385059395268e-03
8.434204847262856061e-03
9.036361309466315120e-03
9.638517771669774178e-03
1.024067423387323497e-02
1.084283069607669577e-02
1.144498715828015309e-02
1.204714362048361388e-02
1.264930008268707468e-02
1.325145654489053373e-02
1.385361300709399453e-02
1.445576946929745359e-02
1.505792593150091264e-02
1.566008239370437344e-02
1.626223885590783250e-02
1.686439531811129156e-02
1.746655178031475061e-02
1.806870824251821314e-02
1.867086470472167220e-02
1.927302116692513126e-02
1.987517762912859032e-02
2.047733409133205285e-02
2.107949055353551190e-02
2.168164701573897096e-02
2.228380347794243002e-02
2.288595994014589255e-02
2.348811640234935161e-02
2.409027286455281414e-02
2.469242932675626973e-02
2.529458578895972878e-02
2.589674225116319131e-02
2.649889871336665037e-02
2.710105517557011290e-02
2.770321163777357196e-02
2.830536809997702755e-02
2.890752456218049007e-02
2.950968102438394913e-02
3.011183748658741166e-02
3.071399394879087072e-02
3.131615041099432978e-02
3.191830687319779231e-02
3.252046333540124790e-02
3.312261979760471042e-02
3.372477625980816601e-02
3.432693272201162854e-02
3.492908918421509107e-02
3.553124564641854666e-02
3.613340210862200919e-02
3.673555857082546477e-02
3.733771503302892730e-02
3.793987149523238983e-02
3.854202795743584542e-02
3.914418441963930795e-02
3.974634088184277048e-02
4.034849734404623300e-02
4.095065380624968859e-02
4.155281026845314418e-02
4.215496673065660671e-02
4.275712319286006924e-02
4.335927965506352483e-02
4.396143611726698736e-02
4.456359257947044988e-02
4.516574904167390547e-02
4.576790550387736800e-02
4.637006196608083053e-02
4.697221842828429306e-02
4.757437489048774171e-02
4.817653135269120424e-02
4.877868781489466676e-02
4.938084427709812235e-02
4.998300073930158488e-02
5.058515720150504741e-02
5.118731366370850994e-02
5.178947012591196553e-02
5.239162658811542805e-02
5.299378305031889058e-02
5.359593951252233923e-02
5.419809597472580870e-02
5.480025243692927123e-02
5.540240889913271988e-02
5.600456536133618241e-02
5.660672182353904125e-02
5.720887828574156703e-02
5.781103474794409280e-02
5.841319121014661164e-02
5.901534767234913048e-02
5.961750413455165626e-02
6.021966059675418204e-02
6.082181705895670781e-02
6.142397352115922665e-02
6.202612998336175243e-02
6.262828644556428515e-02
6.323044290776680398e-02
6.383259936996932282e-02
6.443475583217184166e-02
6.503691229437437438e-02
6.563906875657689322e-02
6.624122521877942593e-02
6.684338168098194477e-02
6.744553814318446361e-02
6.804769460538699632e-02
6.864985106758951516e-02
6.925200752979203400e-02
6.985416399199455284e-02
7.045632045419708556e-02
7.105847691639960440e-02
7.166063337860213711e-02
7.226278984080465595e-02
7.286494630300718867e-02
7.346710276520970750e-02
7.406925922741222634e-02
7.467141568961474518e-02
7.527357215181727790e-02
7.587572861401979674e-02
7.647788507622232945e-02
7.708004153842484829e-02
7.768219800062736713e-02
7.828435446282989985e-02
7.888651092503241868e-02
7.948866738723493752e-02
8.009082384943745636e-02
8.069298031163998908e-02
8.129513677384250792e-02
8.189729323604504063e-02
8.249944969824755947e-02
8.310160616045009219e-02
8.370376262265261103e-02
8.430591908485512986e-02
8.490807554705764870e-02
8.551023200926018142e-02
8.611238847146271413e-02
8.671454493366521910e-02
8.731670139586773793e-02
8.791885785807027065e-02
8.852101432027278949e-02
8.912317078247532220e-02
8.972532724467784104e-02
9.032748370688035988e-02
9.092964016908289260e-02
9.153179663128541144e-02
9.213395309348794415e-02
9.273610955569046299e-02
9.333826601789299571e-02
9.394042248009551455e-02
9.454257894229804726e-02
9.514473540450056610e-02
9.574689186670308494e-02
9.634904832890561766e-02
9.695120479110812262e-02
9.755336125331064145e-02
9.815551771551317417e-02
9.875767417771569301e-02
9.935983063991822573e-02
9.996198710212074456e-02
1.005641435643232773e-01
1.011663000265257961e-01
1.017684564887283150e-01
1.023706129509308477e-01
1.029727694131333665e-01
1.035749258753358992e-01
1.041770823375384181e-01
1.047792387997409508e-01
1.053813952619434696e-01
1.059835517241459885e-01
1.065857081863484934e-01
1.071878646485510261e-01
1.077900211107535450e-01
1.083921775729560777e-01
1.089943340351585965e-01
1.095964904973611292e-01
1.101986469595636481e-01
1.108008034217661808e-01
1.114029598839686996e-01
1.120051163461712185e-01
1.126072728083737512e-01
1.132094292705762700e-01
1.138115857327788027e-01
1.144137421949813216e-01
1.150158986571838543e-01
1.156180551193863731e-01
1.162202115815888920e-01
1.168223680437914108e-01
1.174245245059939297e-01
1.180266809681964485e-01
1.186288374303989812e-01
1.192309938926015001e-01
1.198331503548040328e-01
1.204353068170065516e-01
1.210374632792090843e-01
1.216396197414116032e-01
1.222417762036141220e-01
1.228439326658166547e-01
1.234460891280191736e-01
1.240482455902217063e-01
1.246504020524242251e-01
1.252525585146267439e-01
1.258547149768292905e-01
1.264568714390318094e-01
1.270590279012343005e-01
1.276611843634368193e-01
1.282633408256393659e-01
1.288654972878418847e-01
1.294676537500444036e-01
1.300698102122469224e-01
1.306719666744494690e-01
1.312741231366519878e-01
1.318762795988545067e-01
1.324784360610570255e-01
1.330805925232595444e-01
1.336827489854620910e-01
1.342849054476646098e-01
1.348870619098671286e-01
1.354892183720696475e-01
1.360913748342721941e-01
1.366935312964746851e-01
1.372956877586772040e-01
1.378978442208797228e-01
1.385000006830822694e-01
1.391021571452847883e-01
1.397043136074873071e-01
1.403064700696898259e-01
1.409086265318923725e-01
1.415107829940948914e-01
1.421129394562974102e-01
1.427150959184999290e-01
1.433172523807024479e-01
1.439194088429049945e-01
1.445215653051075133e-01
1.451237217673100321e-01
1.457258782295125510e-01
1.463280346917150976e-01
1.469301911539175887e-01
1.475323476161201075e-01
1.481345040783226541e-01
1.487366605405251729e-01
1.493388170027276918e-01
1.499409734649302106e-01
1.505431299271327295e-01
1.511452863893352760e-01
1.517474428515377949e-01
1.523495993137403137e-01
1.529517557759428326e-01
1.535539122381453514e-01
1.541560687003478980e-01
1.547582251625504168e-01
1.553603816247529357e-01
1.559625380869554545e-01
1.565646945491579733e-01
1.571668510113604922e-01
1.577690074735630110e-01
1.583711639357655576e-01
1.589733203979680765e-01
1.595754768601705953e-01
1.601776333223731141e-01
1.607797897845756330e-01
1.613819462467781796e-01
1.619841027089806984e-01
1.625862591711832172e-01
1.631884156333857361e-01
1.637905720955882549e-01
1.643927285577908015e-01
1.649948850199933204e-01
1.655970414821958392e-01
1.661991979443983580e-01
1.668013544066008769e-01
1.674035108688033957e-01
1.680056673310059145e-01
1.686078237932084611e-01
1.692099802554109800e-01
1.698121367176134988e-01
1.704142931798160177e-01
1.710164496420185365e-01
1.716186061042210831e-01
1.722207625664236019e-01
1.728229190286261208e-01
1.734250754908286396e-01
1.740272319530311584e-01
1.746293884152337050e-01
1.752315448774362239e-01
1.758337013396387427e-01
1.764358578018412615e-01
1.770380142640438081e-01
1.776401707262463270e-01
1.782423271884488458e-01
1.788444836506513647e-01
1.794466401128538835e-01
1.800487965750564301e-01
1.806509530372589489e-01
1.812531094994614678e-01
1.818552659616639589e-01
1.824574224238664777e-01
1.830595788860689965e-01
1.836617353482715431e-01
1.842638918104740620e-01
1.848660482726765808e-01
1.854682047348790996e-01
1.860703611970816185e-01
1.866725176592841651e-01
1.872746741214866839e-01
1.878768305836892027e-01
1.884789870458917216e-01
1.890811435080942682e-01
1.896832999702967870e-01
1.902854564324993059e-01
1.908876128947018247e-01
1.914897693569043435e-01
1.920919258191068901e-01
1.926940822813094090e-01
1.932962387435119278e-01
1.938983952057144466e-01
1.945005516679169655e-01
1.951027081301195121e-01
1.957048645923220309e-01
1.963070210545245498e-01
1.969091775167270686e-01
1.975113339789296152e-01
1.981134904411321340e-01
1.987156469033346529e-01
1.993178033655371717e-01
1.999199598277396905e-01
2.005221162899422371e-01
2.011242727521447560e-01
2.017264292143472471e-01
2.023285856765497659e-01
2.029307421387522847e-01
2.035328986009548036e-01
2.041350550631573502e-01
2.047372115253598690e-01
2.053393679875623878e-01
2.059415244497649067e-01
2.065436809119674255e-01
2.071458373741699721e-01
2.077479938363724910e-01
2.083501502985750098e-01
2.089523067607775286e-01
2.095544632229800752e-01
2.101566196851825941e-01
2.107587761473851129e-01
2.113609326095876317e-01
2.119630890717901506e-01
2.125652455339926972e-01
2.131674019961952160e-01
2.137695584583977348e-01
2.143717149206002537e-01
2.149738713828028003e-01
2.155760278450053191e-01
2.161781843072078380e-01
2.167803407694103568e-01
2.173824972316128756e-01
2.179846536938154222e-01
2.185827957796032117e-01
