7.962409039598937130e-03
6.477326960246037463e-03
5.663217947346194450e-03
5.067651788450870838e-03
4.593212579723811653e-03
4.203202396664932304e-03
3.868686048648623411e-03
3.572027026418946212e-03
3.306519292479914805e-03
3.069048651988856569e-03
2.854691390037104523e-03
2.661039181534616792e-03
2.485350298322274755e-03
2.326236987963960830e-03
2.181168730621804632e-03
2.048216230651898461e-03
1.926258644122296870e-03
1.813818504120707012e-03
1.709918493059415720e-03
1.613881795985880026e-03
1.524901076656150992e-03
1.442456298152454278e-03
1.365747154125646979e-03
1.294438837159852911e-03
1.228043220761207768e-03
1.166149490795412346e-03
1.108336579511207814e-03
1.054214113428977081e-03
1.003494928478799661e-03
9.558792006491585030e-04
9.111430112768153112e-04
8.691347584312337539e-04
8.296233885350611480e-04
7.924762116268873127e-04
7.575938788287021755e-04
7.248455376303687215e-04
6.941223910008426307e-04
6.653043645228868359e-04
6.382970261580791929e-04
6.130271170697494405e-04
5.894656829684047665e-04
5.674935669725368137e-04
5.470204657610118482e-04
5.279516783162801260e-04
5.101840537973400700e-04
4.936932916105585267e-04
4.784091988242215789e-04
4.642754870493279477e-04
4.511542605364858289e-04
4.389482368775397044e-04
4.276075377608290723e-04
4.170903437033553337e-04
4.073258407687977301e-04
3.982798090758778815e-04
3.898534454948382401e-04
3.819528202091595072e-04
3.745298077347044446e-04
3.675051454409531304e-04
3.608531600657573159e-04
3.545212244020099434e-04
3.484840661306633702e-04
3.427154114790468544e-04
3.371980695777695232e-04
3.319041647451752373e-04
3.268262329297259676e-04
3.219320326381317062e-04
3.172142118620849120e-04
3.126712338438527444e-04
3.082790120510357410e-04
3.040265968710293191e-04
2.999005626518602956e-04
2.959020950243371542e-04
2.920091241012654263e-04
2.882113372023769921e-04
2.845119299151958317e-04
2.809053703119001981e-04
2.773949285311424172e-04
2.739716497671276048e-04
2.706308782815931261e-04
2.673754812409699600e-04
2.641949728160691672e-04
2.610721612153240191e-04
2.580278257679907445e-04
2.550476993825223811e-04
2.521219352060967618e-04
2.492608501811654402e-04
2.464455308739038402e-04
2.436831070296871873e-04
2.409657927279867365e-04
2.382932501924260658e-04
2.356761246976940224e-04
2.331003798836088373e-04
2.305629227154230225e-04
2.280694914468404044e-04
2.256136913939479221e-04
2.231959834608246115e-04
2.208109667449838112e-04
2.184631614548257039e-04
2.161463255219376255e-04
2.138639552034230407e-04
2.116132253600957460e-04
2.093927797578573808e-04
2.072037117454990872e-04
2.050441232757407276e-04
2.029068598542609384e-04
2.008029017009955064e-04
1.987247465660948911e-04
1.966711137139858336e-04
1.946430583210747081e-04
1.926374000553877485e-04
1.906588911024113592e-04
1.887024718349106169e-04
1.867703985214200224e-04
1.848560597287354735e-04
1.829706591728156337e-04
1.811088179769841080e-04
1.792668800469721189e-04
1.774451149694063158e-04
1.756466289739959114e-04
1.738750216980652853e-04
1.721190242858275908e-04
1.703864137493162664e-04
1.686731380282104325e-04
1.669857073147054509e-04
1.653121777006496380e-04
1.636615591229344518e-04
1.620295867707567694e-04
1.604156393638696970e-04
1.588230865934279785e-04
1.572463031485396828e-04
1.556902009074059140e-04
1.541508468698585071e-04
1.526291872563035267e-04
1.511235706692893536e-04
1.496422763906606447e-04
1.481640110963480968e-04
1.467143280523019490e-04
1.452850903243674133e-04
1.438749311234069730e-04
1.424795336957128563e-04
1.411012121940581989e-04
1.397447149233679517e-04
1.384043187935077985e-04
1.370796783899089926e-04
1.357725297722572454e-04
1.344849054047296327e-04
1.332107843053621993e-04
1.319546753376565288e-04
1.307153388717688597e-04
1.294950114076987393e-04
1.282899673132082297e-04
1.271014456249847362e-04
1.259296621072151037e-04
1.247754638804193848e-04
1.236369990232849081e-04
1.225154418549670454e-04
1.214144705926020637e-04
1.203304798487289022e-04
1.192591485706063294e-04
1.182081251089908116e-04
1.171743240715520100e-04
1.161576712238550005e-04
1.151576803948405075e-04
1.141709962009803498e-04
1.131981997822124842e-04
1.122455108274506317e-04
1.113071780808630814e-04
1.103832704986117401e-04
1.094793777577771261e-04
1.085889159888255587e-04
1.077143042217655285e-04
1.068537343495990080e-04
1.060059633777962100e-04
1.051734191718690941e-04
1.043591153630576160e-04
1.035571457479800755e-04
1.027733511113922528e-04
1.019993300630352362e-04
1.012431913478250558e-04
1.004993851658126974e-04
9.977295564059883285e-05
9.905575869535920223e-05
9.835366205217142496e-05
9.766176178959810352e-05
9.698910422242085737e-05
9.631915675883176962e-05
9.567309114469685545e-05
9.503888883760026256e-05
9.441278308732238013e-05
9.380699866501898329e-05
9.321733213009138609e-05
9.263634814849657558e-05
9.207097219071966971e-05
9.151743447564105024e-05
9.098134451736666320e-05
9.045707328881432612e-05
8.994261980004302241e-05
8.944325900476563689e-05
8.894818884308093251e-05
8.847618522956157239e-05
8.801486896757874847e-05
8.756337597877026800e-05
8.712623316462150011e-05
8.670268623631223882e-05
8.629512629589306840e-05
8.589940831979479027e-05
8.551882919862037415e-05
8.514672814908276477e-05
8.478431883590637321e-05
8.443799003961843428e-05
8.410001186318436927e-05
8.377471458502183915e-05
8.346092087145954837e-05
8.315618320066550889e-05
8.285683249223887580e-05
8.257227960465021873e-05
8.229424941602617107e-05
8.202787185862874203e-05
8.176947054479031586e-05
8.151861869263209365e-05
8.127778276639540430e-05
8.104623635191965359e-05
8.082069367347064924e-05
8.060182476637797906e-05
8.038815586596807143e-05
8.018558221157806706e-05
7.999086396073384463e-05
7.980090010098440326e-05
7.962124383293793300e-05
7.944605562249097252e-05
7.927398839533082969e-05
7.911049761331048139e-05
7.895174400603879471e-05
7.879767202960447526e-05
7.865262664305354683e-05
7.851151082656631654e-05
7.837767877938394930e-05
7.824795659204908762e-05
7.812328755212723469e-05
7.800382164235462271e-05
7.788883688949708453e-05
7.777860062779511237e-05
7.767176906503560894e-05
7.756830146795995701e-05
7.746826500845900890e-05
7.737293235487333694e-05
7.728327960503697091e-05
7.719829283978020453e-05
7.711570519268645446e-05
7.703742803371100190e-05
7.695887467884923781e-05
7.688728405889859300e-05
7.681588562442892435e-05
7.675068321519467360e-05
7.667855336760217482e-05
7.661859391184436382e-05
7.656101818402213303e-05
7.650540790026400797e-05
7.645013761653660317e-05
7.639112023679791566e-05
7.634138042049280239e-05
7.629285360239638873e-05
7.624756551501563821e-05
7.620392943489490774e-05
7.616429783303628042e-05
7.612479488206558309e-05
7.608695043286855934e-05
7.604979004470889688e-05
7.601014197478133630e-05
7.597713185959884994e-05
7.594567705248703767e-05
7.591483941779530174e-05
7.588629872313720770e-05
7.585967654500352507e-05
7.582206151555539249e-05
7.579504249742379483e-05
7.576946298378394622e-05
7.574695890804620439e-05
7.572231094979536294e-05
7.570151452792536490e-05
7.568195783985535996e-05
7.566301315982289211e-05
7.564489023392201674e-05
7.562747175264297142e-05
7.560861070627907052e-05
7.559177789816214695e-05
7.557721611998129791e-05
7.556275296758458348e-05
7.554827914291059815e-05
7.553472437502456178e-05
7.552307235321960885e-05
7.550649522368430401e-05
7.549493873126343689e-05
7.548463827359094694e-05
7.547491131721388764e-05
7.546503924974169123e-05
7.545534045199203926e-05
7.544555971076217420e-05
7.542712609715635213e-05
7.541852553881767964e-05
7.540814062429581157e-05
7.540033476380049145e-05
7.539356553834702967e-05
7.538480224629205717e-05
7.537799464417383431e-05
7.537207012790330405e-05
7.536623731374928229e-05
7.536098521366146354e-05
7.535576191923459919e-05
7.535102632379151225e-05
7.534493145058227545e-05
7.534050826273663349e-05
7.533347647867893256e-05
7.532925844233666042e-05
7.532543485436202029e-05
7.532205989698482769e-05
7.531522085383640555e-05
7.531184579125076845e-05
7.530872888459871895e-05
7.530602337549206695e-05
7.530358451008306944e-05
7.530105085524573091e-05
7.529909221848948928e-05
7.529700692387037960e-05
7.529547966047743740e-05
7.529329180308473254e-05
7.529185328027211764e-05
7.529059910780154204e-05
7.527376075411594840e-05
7.527193222552913004e-05
7.527092155197953214e-05
7.527043506995626063e-05
7.526914332762166292e-05
7.526848865773310456e-05
7.526793767952969438e-05
7.526718731605242213e-05
7.526670635135431343e-05
7.526625934651944656e-05
7.526590776899080056e-05
7.526511951097787439e-05
7.526469109060596912e-05
7.526414271686843692e-05
7.526330332108081833e-05
7.526238938547084650e-05
7.526198105894828228e-05
7.526157248952895090e-05
7.526073213723578697e-05
7.525712375644752819e-05
7.525605447073640576e-05
7.525523914219329525e-05
7.525420317580627924e-05
7.525318436080048994e-05
7.525214896554126797e-05
7.525024173877942484e-05
7.524868669611091225e-05
7.524624525619147213e-05
7.524363863627055995e-05
7.524101233776315579e-05
7.523722911645547458e-05
7.523334276323721619e-05
7.522694019202732845e-05
7.521824449522255391e-05
7.520532855027386966e-05
7.518252935468148048e-05
