4.014376414689482536e-06
7.266021310587938292e-04
1.449189885702906883e-03
2.171777640347003456e-03
2.894365394991084851e-03
3.616953149635176654e-03
4.339540904279328738e-03
5.062128658923480823e-03
5.784716413567632907e-03
6.507304168211784125e-03
7.229891922855934475e-03
7.952479677500087427e-03
8.675067432144238644e-03
9.397655186788391596e-03
1.012024294143254281e-02
1.084283069607669577e-02
1.156541845072084698e-02
1.228800620536499820e-02
1.301059396000915115e-02
1.373318171465330237e-02
1.445576946929745359e-02
1.517835722394160307e-02
1.590094497858575776e-02
1.662353273322990724e-02
1.734612048787406019e-02
1.806870824251821314e-02
1.879129599716236262e-02
1.951388375180651558e-02
2.023647150645066853e-02
2.095905926109481801e-02
2.168164701573897096e-02
2.240423477038312391e-02
2.312682252502727340e-02
2.384941027967142635e-02
2.457199803431557930e-02
2.529458578895972878e-02
2.601717354360388174e-02
2.673976129824803469e-02
2.746234905289218417e-02
2.818493680753633712e-02
2.890752456218049007e-02
2.963011231682464303e-02
3.035270007146879251e-02
3.107528782611294546e-02
3.179787558075709841e-02
3.252046333540124790e-02
3.324305109004540432e-02
3.396563884468955380e-02
3.468822659933370328e-02
3.541081435397785970e-02
3.613340210862200919e-02
3.685598986326615867e-02
3.757857761791031509e-02
3.830116537255446457e-02
3.902375312719862099e-02
3.974634088184277048e-02
4.046892863648691996e-02
4.119151639113107638e-02
4.191410414577521892e-02
4.263669190041937535e-02
4.335927965506352483e-02
4.408186740970767431e-02
4.480445516435183073e-02
4.552704291899598715e-02
4.624963067364013664e-02
4.697221842828429306e-02
4.769480618292843560e-02
4.841739393757258508e-02
4.913998169221674150e-02
4.986256944686089793e-02
5.058515720150504741e-02
5.130774495614920383e-02
5.203033271079335331e-02
5.275292046543749586e-02
5.347550822008165228e-02
5.419809597472580870e-02
5.492068372936995818e-02
5.564327148401411460e-02
5.636585923865802816e-02
5.708844699330105354e-02
5.781103474794409280e-02
5.853362250258711819e-02
5.925621025723014357e-02
5.997879801187316895e-02
6.070138576651620127e-02
6.142397352115922665e-02
6.214656127580225897e-02
6.286914903044529823e-02
6.359173678508832361e-02
6.431432453973134900e-02
6.503691229437437438e-02
6.575950004901739976e-02
6.648208780366042514e-02
6.720467555830345052e-02
6.792726331294648978e-02
6.864985106758951516e-02
6.937243882223254055e-02
7.009502657687556593e-02
7.081761433151859131e-02
7.154020208616163057e-02
7.226278984080465595e-02
7.298537759544768133e-02
7.370796535009070671e-02
7.443055310473374597e-02
7.515314085937677135e-02
7.587572861401979674e-02
7.659831636866282212e-02
7.732090412330586138e-02
7.804349187794888676e-02
7.876607963259191214e-02
7.948866738723493752e-02
8.021125514187797678e-02
8.093384289652100216e-02
8.165643065116402755e-02
8.237901840580705293e-02
8.310160616045009219e-02
8.382419391509311757e-02
8.454678166973614295e-02
8.526936942437916833e-02
8.599195717902219371e-02
8.671454493366521910e-02
8.743713268830825835e-02
8.815972044295128374e-02
8.888230819759430912e-02
8.960489595223733450e-02
9.032748370688035988e-02
9.105007146152339914e-02
9.177265921616642452e-02
9.249524697080944990e-02
9.321783472545248916e-02
9.394042248009551455e-02
9.466301023473853993e-02
9.538559798938156531e-02
9.610818574402459069e-02
9.683077349866761607e-02
9.755336125331064145e-02
9.827594900795369459e-02
9.899853676259671997e-02
9.972112451723974536e-02
1.004437122718827707e-01
1.011663000265257961e-01
1.018888877811688215e-01
1.026114755358118469e-01
1.033340632904548723e-01
1.040566510450979115e-01
1.047792387997409508e-01
1.055018265543839762e-01
1.062244143090270015e-01
1.069470020636700269e-01
1.076695898183130523e-01
1.083921775729560777e-01
1.091147653275991031e-01
1.098373530822421423e-01
1.105599408368851677e-01
1.112825285915281931e-01
1.120051163461712185e-01
1.127277041008142439e-01
1.134502918554572692e-01
1.141728796101003085e-01
1.148954673647433339e-01
1.156180551193863731e-01
1.163406428740293985e-01
1.170632306286724239e-01
1.177858183833154493e-01
1.185084061379584747e-01
1.192309938926015001e-01
1.199535816472445254e-01
1.206761694018875508e-01
1.213987571565306040e-01
1.221213449111736293e-01
1.228439326658166547e-01
1.235665204204596801e-01
1.242891081751027055e-01
1.250116959297457309e-01
1.257342836843887701e-01
1.264568714390318094e-01
1.271794591936748209e-01
1.279020469483178601e-01
1.286246347029608716e-01
1.293472224576039109e-01
1.300698102122469224e-01
1.307923979668899617e-01
1.315149857215329732e-01
1.322375734761760402e-01
1.329601612308190517e-01
1.336827489854620910e-01
1.344053367401051025e-01
1.351279244947481417e-01
1.358505122493911532e-01
1.365731000040341925e-01
1.372956877586772040e-01
1.380182755133202432e-01
1.387408632679632825e-01
1.394634510226063218e-01
1.401860387772493333e-01
1.409086265318923725e-01
1.416312142865353840e-01
1.423538020411784233e-01
1.430763897958214348e-01
1.437989775504644741e-01
1.445215653051075133e-01
1.452441530597505248e-01
1.459667408143935641e-01
1.466893285690365756e-01
1.474119163236796148e-01
1.481345040783226541e-01
1.488570918329656656e-01
1.495796795876087049e-01
1.503022673422517441e-01
1.510248550968947556e-01
1.517474428515377949e-01
1.524700306061808064e-01
1.531926183608238456e-01
1.539152061154668572e-01
1.546377938701098964e-01
1.553603816247529357e-01
1.560829693793959749e-01
1.568055571340389864e-01
1.575281448886820257e-01
1.582507326433250372e-01
1.589733203979680765e-01
1.596959081526110880e-01
1.604184959072541272e-01
1.611410836618971665e-01
1.618636714165402057e-01
1.625862591711832172e-01
1.633088469258262565e-01
1.640314346804692680e-01
1.647540224351123073e-01
1.654766101897553188e-01
1.661991979443983580e-01
1.669217856990413973e-01
1.676443734536844088e-01
1.683669612083274481e-01
1.690895489629704596e-01
1.698121367176134988e-01
1.705347244722565103e-01
1.712573122268995496e-01
1.719798999815425888e-01
1.727024877361856003e-01
1.734250754908286396e-01
1.741476632454716511e-01
1.748702510001146904e-01
1.755928387547577574e-01
1.763154265094007411e-01
1.770380142640438081e-01
1.777606020186867919e-01
1.784831897733298589e-01
1.792057775279728427e-01
1.799283652826159097e-01
1.806509530372589489e-01
1.813695264154872866e-01
