7.962852645278992864e-03
6.403980550461741382e-03
5.581062516308065227e-03
4.973068765850764510e-03
4.477422812180198095e-03
4.066845224269938913e-03
3.718454258741734145e-03
3.417506035108616811e-03
3.155558946598223564e-03
2.926534525527023107e-03
2.723595392893692936e-03
2.542036342695510112e-03
2.376921397653857914e-03
2.226434039027584341e-03
2.088579888696659361e-03
1.961834132084375962e-03
1.844756206972170435e-03
1.736713961085597146e-03
1.636637871796498521e-03
1.543885620578408372e-03
1.457618291248892342e-03
1.377286521172486162e-03
1.302369519507256710e-03
1.232515704606129735e-03
1.167256416920945230e-03
1.106287144562201038e-03
1.049230892545610291e-03
9.957601962529416800e-04
9.455948060920934791e-04
8.985878810766642719e-04
8.545160964402574071e-04
8.131928619388975512e-04
7.744391078495122286e-04
7.382335359920651078e-04
7.044338477857437029e-04
6.729129674212624675e-04
6.435294253609592351e-04
6.161959901823586784e-04
5.908197342944051427e-04
5.672817043646471123e-04
5.455288545694937132e-04
5.254317681672075009e-04
5.069232130556344936e-04
4.899161899678987960e-04
4.742745982578908245e-04
4.599347527748149809e-04
4.467666490218662775e-04
4.347008896605725290e-04
4.236218641331470388e-04
4.134310781148461543e-04
4.039991168706331720e-04
3.952337812028110871e-04
3.870149730843864297e-04
3.792796173115429189e-04
3.719795172420426376e-04
3.650820795943951740e-04
3.585345312782891366e-04
3.523040440949846150e-04
3.463564404307444759e-04
3.406634464603592975e-04
3.351839734565754047e-04
3.299062597557143157e-04
3.248211899626707961e-04
3.199133529815119783e-04
3.151755079198439373e-04
3.105878344435147463e-04
3.061474331964578123e-04
3.018512991451784708e-04
2.976915340680519827e-04
2.936534163650952357e-04
2.897221174428522795e-04
2.858926148694098833e-04
2.821783029786861471e-04
2.785658163993504533e-04
2.750434005272616822e-04
2.716154237539701263e-04
2.682657393996428115e-04
2.650044494203491335e-04
2.618188962148258552e-04
2.587159476718303513e-04
2.556815118397004049e-04
2.527183554538248774e-04
2.498187025279795422e-04
2.469860656115636368e-04
2.442131896569699938e-04
2.414968360645767349e-04
2.388473022628617519e-04
2.362541778364056000e-04
2.337207761324377835e-04
2.312381207825240758e-04
2.288109410170052576e-04
2.264422525979355269e-04
2.241268753559296433e-04
2.218614703962683331e-04
2.196465902040457558e-04
2.174868215649616485e-04
2.153761189795359464e-04
2.133137232436642535e-04
2.112959110983237819e-04
2.093233982889805740e-04
2.073952362031585971e-04
2.055141790064411375e-04
2.036776085300875212e-04
2.018840828956656942e-04
2.001346892264706061e-04
1.984289856156183684e-04
1.967620764164789771e-04
1.951429929211142081e-04
1.935681794355628444e-04
1.920282767045209890e-04
1.905297924258515991e-04
1.890693118671151287e-04
1.876465263631460208e-04
1.862624430155044078e-04
1.849184684028766057e-04
1.836098283980794321e-04
1.823383482029060311e-04
1.811036700253402002e-04
1.798990157801006622e-04
1.787306857444581436e-04
1.775952575525204446e-04
1.764919856281642102e-04
1.754188455687401824e-04
1.743780333791390691e-04
1.733698542967524120e-04
1.723938404784916686e-04
1.714549715713280307e-04
1.705468279677286561e-04
1.696715496395727427e-04
1.688296580480060116e-04
1.680242592487346651e-04
1.672476387432895767e-04
1.665070726530510389e-04
1.657961462621846923e-04
1.651180645770706471e-04
1.644747232995759248e-04
1.638587222260400294e-04
1.632757398057282591e-04
1.627261988074860989e-04
1.622055348458316957e-04
1.617169562262005787e-04
1.612556530963597757e-04
1.608205151274793774e-04
1.604126635291673153e-04
1.600231023954121862e-04
1.596653311429087449e-04
1.593257397506632966e-04
1.590057877186520116e-04
1.587035317212774426e-04
1.584188797693823585e-04
1.581490074252730224e-04
1.578964861210214283e-04
1.576560681332566554e-04
1.574270670057900993e-04
1.572110617404334949e-04
1.570048594886810488e-04
1.568116329923869949e-04
1.566283978392922634e-04
1.564559684199993083e-04
1.562872165742594380e-04
1.561303837703055574e-04
1.559812177947796032e-04
1.558403411496406266e-04
1.557087503532466667e-04
1.555835557066588754e-04
1.554622776851600867e-04
1.553449635397918132e-04
1.552386859625191613e-04
1.551313681970856704e-04
1.550352075485252501e-04
1.549421086081419381e-04
1.548535972865385771e-04
1.547696680696551198e-04
1.546913509609228806e-04
1.546165798634684650e-04
1.545458530394038356e-04
1.544751959492565230e-04
1.544090066895274500e-04
1.543465523291818510e-04
1.542898930964180812e-04
1.542342040054600952e-04
1.541825062919714229e-04
1.541322857419996628e-04
1.540859398315862390e-04
1.540382116617501976e-04
1.539936691618898541e-04
1.539543516864351111e-04
1.539166089253530200e-04
1.538790657016719625e-04
1.538442523097941644e-04
1.538110975419277227e-04
1.537803560377373052e-04
1.537514884774512361e-04
1.537223811737895973e-04
1.536946311557875282e-04
1.536694376307450060e-04
1.536444396709114488e-04
1.536225605406390659e-04
1.535988286493603268e-04
1.535772272348928321e-04
1.535585972865092423e-04
1.535413200165398103e-04
1.535243784374219322e-04
1.535089837031756196e-04
1.534885739987877553e-04
1.534744302288584133e-04
1.534614971619240693e-04
1.534490827050235217e-04
1.534378191329640153e-04
1.534260176441294482e-04
1.534152644664939051e-04
1.534023945812102276e-04
1.533922956795394441e-04
1.533821138577054933e-04
1.533738906747651395e-04
1.533645410887248418e-04
1.533571462785239775e-04
1.533488586085119353e-04
1.533423923805248240e-04
1.533358170928563965e-04
1.533298057462302436e-04
1.533239639135877512e-04
1.533190909677858895e-04
1.533139415617364024e-04
1.533096420571586523e-04
1.533045518156320012e-04
1.532995706699013866e-04
1.532959300668732504e-04
1.532929555208454935e-04
1.532900664435298682e-04
1.532873648368761213e-04
1.532853567522638187e-04
1.532832462030195764e-04
1.532811933984551942e-04
1.532784689534290865e-04
1.532759059257202626e-04
1.532745181864198902e-04
1.532731033666429033e-04
1.532719950088961213e-04
1.532691457572230899e-04
1.532678479289552483e-04
1.532662739351757779e-04
1.532639179381732261e-04
1.532607063941357917e-04
1.532583302669922776e-04
1.532561503824648877e-04
1.532517751243967158e-04
1.532481748713830064e-04
1.532443663645866971e-04
1.532406629683595622e-04
1.532372404551375687e-04
1.532356965343750375e-04
