7.862331891406757617e-03
6.558309684232748599e-03
5.802766014864978172e-03
5.227968518341076162e-03
4.755004766644710563e-03
4.347494817398663003e-03
3.993210533902322168e-03
3.673087149506457788e-03
3.385789762426583398e-03
3.131091864173930674e-03
2.902193609876556335e-03
2.697439004355651950e-03
2.512532576863434671e-03
2.344785818805222247e-03
2.191141634192450907e-03
2.048950661673604699e-03
1.918240732202067950e-03
1.799381644182481517e-03
1.690544361723988424e-03
1.591133972243406877e-03
1.499619606460037349e-03
1.414834062796557898e-03
1.336241761671308221e-03
1.263492836024727268e-03
1.196494370436542972e-03
1.134956314171025682e-03
1.078001560011559784e-03
1.025205241836154788e-03
9.763555782204618935e-04
9.312615026655062921e-04
8.896103522975684933e-04
8.510313252999568163e-04
8.153453115601832319e-04
7.827151212926172427e-04
7.527422595411228977e-04
7.250239582859058013e-04
6.993345813160115184e-04
6.757670718052480232e-04
6.533897953729277727e-04
6.328219968202280230e-04
6.136959734630999903e-04
5.963494862838930686e-04
5.807222217620418769e-04
5.662824771043568732e-04
5.530467260926023474e-04
5.409653755401686460e-04
5.293159047752460811e-04
5.187162592486146669e-04
5.086775548755200112e-04
4.994543491873833056e-04
4.908104370657344600e-04
4.823133605054591455e-04
4.744467328406686869e-04
4.669863218024911935e-04
4.600440709362490100e-04
4.534030362375626559e-04
4.470162990761498631e-04
4.407106220895430464e-04
4.349690271158974204e-04
4.294322817966722506e-04
4.240303776415452501e-04
4.188988480637924902e-04
4.138653436135730020e-04
4.090950181183543636e-04
4.044859497840891599e-04
3.996134565053964700e-04
3.952645864654575660e-04
3.909988229382923121e-04
3.868953563572480195e-04
3.828396710462670543e-04
3.789161391829816298e-04
3.750646640719687867e-04
3.714078153495429580e-04
3.678327820942278790e-04
3.643714603095214006e-04
3.609889935222008366e-04
3.576367032977695120e-04
3.544127141868340424e-04
3.512838347123691885e-04
3.482087110174151082e-04
3.451384782330527016e-04
3.418440269568343362e-04
3.389355905276248532e-04
3.360685538767057526e-04
3.332641757752832171e-04
3.305369425304880999e-04
3.278413315175179128e-04
3.251812327315561565e-04
3.225707593016760555e-04
3.199664186578425845e-04
3.174726055814088162e-04
3.149314961914143019e-04
3.124582676032972104e-04
3.100322406062627940e-04
3.076610613692139446e-04
3.053367448675600661e-04
3.026841070239310086e-04
3.004007480354237885e-04
2.981494457815892624e-04
2.959467670961606284e-04
2.937747489566288218e-04
2.916348622477247512e-04
2.895181865136186791e-04
2.874310572491009606e-04
2.853512177576247432e-04
2.833124686606722556e-04
2.813148792531701197e-04
2.793169663206538592e-04
2.772888235182303799e-04
2.753439811367377143e-04
2.734145984523317255e-04
2.715250650302144489e-04
2.696356781198426707e-04
2.677813488091556346e-04
2.659650602512361891e-04
2.641666668602652823e-04
2.623866790054260817e-04
2.604680581691547962e-04
2.587155523508566412e-04
2.569914094977983885e-04
2.552969796673733912e-04
2.535747633684092917e-04
2.518909462764596990e-04
2.502418839503460306e-04
2.482943823705459027e-04
2.465570994312155442e-04
2.449456279714595482e-04
2.433445325792796612e-04
2.417689204056330907e-04
2.402096849187348635e-04
2.386540044767339070e-04
2.371205088632837379e-04
2.356094911540310881e-04
2.341211159518264860e-04
2.326419198793234946e-04
2.311908518700357890e-04
2.297470121147680453e-04
2.283258704312285934e-04
2.269073022281205829e-04
2.255088947725006094e-04
2.241238729982398148e-04
2.227635032499000669e-04
2.214071084063168717e-04
2.200722310931464937e-04
2.187420528173656211e-04
2.174276574008368829e-04
2.161320243920598883e-04
2.148400695388218542e-04
2.135695387412106744e-04
2.123088894178265258e-04
2.110489319390746604e-04
2.097325005798426228e-04
2.084988641398270726e-04
2.072933738155677697e-04
2.060720528431417970e-04
2.048701160901392193e-04
2.036918299266660310e-04
2.024758461965909086e-04
2.013151983414958215e-04
2.001732177634625316e-04
1.990388212871691735e-04
1.979165812003810289e-04
1.968021289087997492e-04
1.957039615609748660e-04
1.946230374959334380e-04
1.935461305754516352e-04
1.924819822998258875e-04
1.914375344312428077e-04
1.903993619042426081e-04
1.893649169823358733e-04
1.883159931860096871e-04
1.872579475631435363e-04
1.862151496759884462e-04
1.852158005875522470e-04
1.842287743022084359e-04
1.832558180422725453e-04
1.822999924143076035e-04
1.813576249959115701e-04
1.803938615709594793e-04
1.791514054176536648e-04
1.782237022595219416e-04
1.771680535578373729e-04
1.762089087613213120e-04
1.753083058672091606e-04
1.744277266176091283e-04
1.735541718815559976e-04
1.726995704907660991e-04
1.718531219309443953e-04
1.710203148800017647e-04
1.701980347383440229e-04
1.693914192754809433e-04
1.683018035531611445e-04
1.674195839444255602e-04
1.666279772322259425e-04
1.658574345191857094e-04
1.651195586505371825e-04
1.643848195405783351e-04
1.636635679188343912e-04
1.629367073025072535e-04
1.622444264202533833e-04
1.615737991689730020e-04
1.608441096029647455e-04
1.600310853632953031e-04
1.593111186704048625e-04
1.586634227921768334e-04
1.580399989072208376e-04
1.572735427832073064e-04
1.566825002021966947e-04
1.561085925264378170e-04
1.555554478529166550e-04
1.550134426280905264e-04
1.544810478803473788e-04
1.539322391571041574e-04
1.534403183804937843e-04
1.529495686255983374e-04
1.524567730417727713e-04
1.520024900507441375e-04
1.515583411579582895e-04
1.511316629052728705e-04
1.507144981075071255e-04
1.502678928672953067e-04
1.498836640797597845e-04
1.492369520029721876e-04
1.488685095825541575e-04
1.484253504617205057e-04
1.479399278954266264e-04
1.475900159251501568e-04
1.471866741970580142e-04
1.468631801631776232e-04
1.465545334423259223e-04
1.462695054572287303e-04
1.460064666563031562e-04
1.457315870798986564e-04
1.455003207833213328e-04
1.452333972417141697e-04
1.449722555215981774e-04
1.446794258840089823e-04
1.444549317971469517e-04
1.440428729297518534e-04
1.438515803919415811e-04
1.436856411590509044e-04
1.435317553225384747e-04
1.433418633490151175e-04
1.431542924253705041e-04
1.430094089903831043e-04
1.428740862029000982e-04
1.427612519789923159e-04
1.426221778720861101e-04
1.424661432829904539e-04
1.423110489718305512e-04
1.422200501702710175e-04
1.421262319990623368e-04
1.420205275161201671e-04
1.419504550844094819e-04
1.418661313079977188e-04
1.416497184477516339e-04
1.414394153645562931e-04
1.413359596853943322e-04
1.412509041802512241e-04
1.411944326320652403e-04
1.411467703135358656e-04
1.410981608869738382e-04
1.410625132717394678e-04
1.410193924662441953e-04
1.408060261812839136e-04
1.407408025290568651e-04
1.406956236208566763e-04
1.406589272313838986e-04
1.406166540584829756e-04
1.405949776042321746e-04
1.405731597895858165e-04
1.405283849619016101e-04
1.404802370990126611e-04
1.404410247376529993e-04
1.403722797375198952e-04
1.403532066669171843e-04
1.403282382063810818e-04
1.402883251588232295e-04
1.402664513202259036e-04
1.402426061006535293e-04
1.402204715619609842e-04
1.401867471960895767e-04
1.401645333705708223e-04
1.401202666766743481e-04
1.400965438423028243e-04
1.400758567163057832e-04
1.400497008983940658e-04
1.399778572482055319e-04
1.399105907096701777e-04
1.398599564960472871e-04
1.398253386691470583e-04
1.397944117985339900e-04
1.396654746970053893e-04
1.396142691326466786e-04
1.395392848763802912e-04
1.394519026132098047e-04
