4.513321353179628571e-05
2.321697453924991610e-05
1.349764120054315787e-05
9.651620395654921243e-06
7.607011060070501161e-06
6.190409540452941910e-06
5.129646568718907702e-06
4.295509026305963675e-06
3.655921139284354610e-06
3.153801984731222984e-06
2.769154455780648174e-06
2.469709024074761627e-06
2.253107032698445756e-06
2.091819406787243342e-06
1.980731526971488510e-06
1.901740228452408940e-06
1.842230018583626624e-06
1.793076951408156342e-06
1.754948396767262488e-06
1.722962799094216011e-06
1.696666310493650133e-06
1.678246319216559508e-06
1.654533388361161284e-06
1.639041726356547990e-06
1.628319625246978583e-06
1.618439085246684629e-06
1.610622166364690063e-06
1.605790279615667103e-06
1.598094424964560138e-06
1.593467181480130811e-06
1.587220360368329289e-06
1.580205854466890260e-06
1.571802057861605808e-06
1.565915682467118384e-06
1.560884668421081920e-06
1.553077568504832643e-06
1.543361745226997367e-06
1.538380575245171896e-06
1.533509129755098521e-06
1.530225908281229700e-06
1.527952050850605460e-06
1.525170461845349386e-06
1.519127038450532828e-06
1.515375626558478068e-06
1.508744660393778906e-06
1.506848136527940639e-06
1.503163442402475765e-06
1.496127620487420014e-06
1.488368189433508631e-06
1.485391024457294080e-06
1.481756868478605560e-06
1.475419014845220756e-06
1.469458148948707271e-06
1.459649035618152857e-06
1.454315324242388319e-06
1.448306834015509153e-06
1.444392929046228692e-06
1.442025102294304267e-06
1.438625060003790829e-06
1.435237908044153830e-06
1.431747327149967221e-06
1.430626176458746683e-06
1.428731604240383773e-06
1.425054091164381285e-06
1.422395412094637309e-06
1.419827153093260734e-06
1.414655989514394107e-06
1.411578698595957539e-06
1.409583441813975993e-06
1.408368293526072688e-06
1.405375408599112195e-06
1.402759819118710371e-06
1.401296832356995777e-06
1.397923776005241069e-06
1.394534921086315719e-06
1.392260483949756133e-06
1.389092770713185220e-06
1.388039982252595675e-06
1.383917726709418393e-06
1.380763764903955076e-06
1.376577938413926889e-06
1.375277304161991059e-06
1.372967165229048963e-06
1.370879753317180177e-06
1.368833882276728426e-06
1.369323338339225387e-06
1.366781396094181854e-06
1.365886336347869133e-06
1.364479214650754033e-06
1.363498315355150197e-06
1.366302796866013397e-06
1.367077720882915458e-06
1.366969906186321937e-06
1.368713592951267431e-06
1.368941016713820560e-06
1.371197510616468849e-06
1.377048884172628055e-06
1.378535610101527081e-06
1.384735400804143579e-06
1.385889472126920761e-06
1.411164767056180015e-06
