8.229471650113440596e-06
8.476355799616863262e-04
1.687041688273261753e-03
2.526447796584836529e-03
3.365853904896411956e-03
4.205260013207987382e-03
5.044666121519562375e-03
5.884072229831138236e-03
6.723478338142713229e-03
7.562884446454238782e-03
8.402290554765734845e-03
9.241696663077229174e-03
1.008110277138872524e-02
1.092050887970022130e-02
1.175991498801171736e-02
1.259932109632321169e-02
1.343872720463470775e-02
1.427813331294624892e-02
1.511753942125790284e-02
1.595694552956955850e-02
1.679635163788121069e-02
1.763575774619286982e-02
1.847516385450452200e-02
1.931456996281617766e-02
2.015397607112782985e-02
2.099338217943948898e-02
2.183278828775114117e-02
2.267219439606279682e-02
2.351160050437445248e-02
2.435100661268610467e-02
2.519041272099776033e-02
2.602981882930941945e-02
2.686922493762107164e-02
2.770863104593272730e-02
2.854803715424420948e-02
2.938744326255554942e-02
3.022684937086688589e-02
3.106625547917822236e-02
3.190566158748955883e-02
3.274506769580089877e-02
3.358447380411223177e-02
3.442387991242357170e-02
3.526328602073490470e-02
3.610269212904624464e-02
3.694209823735757764e-02
3.778150434566891758e-02
3.862091045398025752e-02
3.946031656229158358e-02
4.029972267060292351e-02
4.113912877891426345e-02
4.197853488722559645e-02
4.281794099553693639e-02
4.365734710384827633e-02
4.449675321215961626e-02
4.533615932047094232e-02
4.617556542878227532e-02
4.701497153709361526e-02
4.785437764540495520e-02
4.869378375371628820e-02
4.953318986202762814e-02
5.037259597033896114e-02
5.121200207865030107e-02
5.205140818696163407e-02
5.289081429527297401e-02
5.373022040358431395e-02
5.456962651189564695e-02
5.540903262020698689e-02
5.624843872851833376e-02
5.708784483682966676e-02
5.792725094514100670e-02
5.876665705345233970e-02
5.960606316176367270e-02
6.044546927007500570e-02
6.128487537838634563e-02
6.212428148669767863e-02
6.296368759500901857e-02
6.380309370332035157e-02
6.464249981163169845e-02
6.548190591994303145e-02
6.632131202825436445e-02
6.716071813656569744e-02
6.800012424487704432e-02
6.883953035318837732e-02
6.967893646149971032e-02
7.051834256981105720e-02
7.135774867812239020e-02
7.219715478643372319e-02
7.303656089474505619e-02
7.387596700305640307e-02
7.471537311136773607e-02
7.555477921967906907e-02
7.639418532799041595e-02
7.723359143630174894e-02
7.807299754461308194e-02
7.891240365292441494e-02
7.975180976123576182e-02
8.059121586954709482e-02
8.143062197785842782e-02
8.227002808616976082e-02
8.310943419448109382e-02
8.394061083114233435e-02
