1.435852082547714372e-03
1.190216821138197819e-03
1.007689388253820350e-03
8.620652413038764781e-04
7.435917343487627234e-04
6.418573937217374138e-04
5.542792149783699277e-04
4.786416554770919567e-04
4.133418581880504749e-04
3.560511315143311331e-04
3.054150343121801747e-04
2.608576895726711807e-04
2.217437776874001218e-04
1.875631681024494339e-04
1.577236619493086476e-04
1.316323648892668216e-04
1.089286769354215608e-04
8.922911578308146872e-05
7.223438819424046514e-05
5.782844701001627172e-05
4.578803031826147427e-05
3.586336932223809404e-05
2.785379379701496567e-05
2.157922137833156453e-05
1.682249131388782057e-05
1.329541452993368811e-05
1.056489494716783179e-05
8.462575640187102615e-06
6.803962959957529653e-06
5.508383908666452435e-06
4.497796902847725331e-06
3.714898938318020172e-06
3.102836074842327635e-06
2.625944763008570690e-06
2.253947956657967180e-06
1.961442828114681810e-06
1.741243134134595156e-06
1.568243403386131062e-06
1.423330157630941516e-06
1.300343869989621271e-06
1.207488318473431127e-06
1.127277190506882559e-06
1.062840541594494319e-06
1.012952448283663672e-06
9.709626769051989378e-07
9.362816143615610381e-07
9.104652155442359594e-07
8.914399955929301326e-07
8.738237628601380428e-07
8.651605920023289993e-07
8.588754933873422190e-07
8.535479186386823584e-07
8.468436750422272608e-07
8.412866330249122978e-07
8.369361777013280645e-07
8.332080878646030874e-07
8.330240566850413107e-07
8.300804480372701009e-07
8.281086846074455612e-07
8.241333898211383760e-07
8.230458431461569742e-07
8.223453913696024675e-07
8.210874452039583855e-07
8.209327439652145084e-07
8.201430254304694481e-07
8.189291913299765260e-07
8.137733939643499619e-07
8.130057049937651323e-07
8.110473893481997909e-07
8.090247735355997679e-07
8.082924405753208223e-07
8.042782780437985383e-07
8.021332755830320659e-07
8.018636665023593780e-07
8.010769045228185033e-07
7.989450456113788682e-07
7.977666653851182484e-07
7.932392240526261226e-07
7.903194970149099775e-07
7.863306670865904429e-07
7.848637806483327843e-07
7.805549743318968658e-07
7.778352775188447930e-07
7.758749286913397760e-07
7.712578121255453073e-07
7.680299463388826274e-07
7.668282591224029602e-07
7.632019683210342719e-07
7.564963174694778164e-07
7.521574064414240673e-07
7.489528192555216780e-07
7.432522252685376738e-07
7.404034510408162520e-07
7.391704722995728811e-07
7.371223769681687854e-07
7.367339690077508326e-07
7.368741446194893027e-07
7.446988703030354288e-07
7.502834331956222375e-07
7.563998933749126701e-07
7.838945218508177572e-07
