1.417183020627123952e-03
1.286091761478469530e-03
1.184411508485802090e-03
1.099955974611421632e-03
1.027509052448860594e-03
9.652223350588619039e-04
9.095423294968698388e-04
8.591737986580316039e-04
8.132144839665347456e-04
7.710932753480065870e-04
7.323472472726265826e-04
6.964517853797013271e-04
6.630874202676933973e-04
6.321721689757293147e-04
6.034728271859931756e-04
5.767034229343091269e-04
5.516984329866825212e-04
5.282992193479272777e-04
5.065002294495873740e-04
4.861194563418030218e-04
4.670550118173386858e-04
4.491808692742123776e-04
4.323834447986807405e-04
4.165943212630107717e-04
4.017378771120704668e-04
3.877751726448027303e-04
3.746770735484250721e-04
3.623617147612662962e-04
3.507690420810141447e-04
3.398641195721786531e-04
3.296162020671007599e-04
3.199928361081752709e-04
3.109518068449320782e-04
3.024728651179303912e-04
2.945082710418957077e-04
2.870426467137326900e-04
2.800617922989015224e-04
2.735326158111700654e-04
2.674206429480976868e-04
2.617219298469455045e-04
2.563976866403999797e-04
2.514419983144403179e-04
2.468510399370677302e-04
2.425883495290114629e-04
2.386192853820667738e-04
2.349282133069417148e-04
2.315115939439254004e-04
2.283540956267761672e-04
2.254347994910205297e-04
2.227425270340979799e-04
2.202548705665512163e-04
2.179579052592682498e-04
2.158378806042389702e-04
2.138780268434124494e-04
2.120677714917927874e-04
2.103916338563287648e-04
2.088401494557536129e-04
2.074047697272193630e-04
2.060775338103914645e-04
2.048496753410889088e-04
2.037158240686087719e-04
2.026630311452709673e-04
2.016888739417861784e-04
2.007895725240172542e-04
1.999548559382928351e-04
1.991793394808804305e-04
1.984580043660972356e-04
1.977849211880393712e-04
1.971546306788979981e-04
1.965606193553431642e-04
1.960031452307474452e-04
1.954835632603653091e-04
1.949927656611264392e-04
1.945293966893807327e-04
1.940910939954721272e-04
1.936775371562106612e-04
1.932878119454152748e-04
1.929184113585246752e-04
1.925667419907396011e-04
1.922320179274420002e-04
1.919141744402699877e-04
1.916121519054978049e-04
1.913246655623763570e-04
1.910500324855805864e-04
1.907884625414382328e-04
1.905354285045736255e-04
1.902974560118911415e-04
1.900659954864798739e-04
1.898450243358120750e-04
1.896330078127772859e-04
1.894289553785417164e-04
1.892326003533293397e-04
1.890454955037133269e-04
1.888651657201211942e-04
1.886871502832901436e-04
1.885169899972357558e-04
1.883525050707272950e-04
1.881959327135234643e-04
1.880454662590980012e-04
1.878990661399621302e-04
1.877573512078402741e-04
1.876223017422454209e-04
1.874906679378682728e-04
1.873647800813157906e-04
1.872410636501530381e-04
1.871208426004405761e-04
1.870045532529174921e-04
1.868918563967060834e-04
1.867819492503434899e-04
1.866770033116573195e-04
1.865752445565990335e-04
1.864766943919181602e-04
1.863794970092222153e-04
1.862861723989293861e-04
1.861964708832674817e-04
1.861096991136012690e-04
1.860233215110397196e-04
1.859404437919480945e-04
1.858587584102458815e-04
1.857808169185319526e-04
1.857050799322278677e-04
1.856280692158936152e-04
1.855555457926524280e-04
1.854849917148959691e-04
1.854156674918219056e-04
1.853483186521100168e-04
1.852832793715235629e-04
1.852203920389069178e-04
1.851564996066299253e-04
1.850955166608804492e-04
1.850365315156834577e-04
1.849794085175899465e-04
1.849242685930039241e-04
1.848712585712747423e-04
1.848191593820265859e-04
1.847668802744486562e-04
1.847171580490798053e-04
1.846678393500168845e-04
1.846204034212656903e-04
1.845743786914985543e-04
1.845278334871447846e-04
1.844841671002159927e-04
1.844415886382921941e-04
1.843992328269402844e-04
1.843586124004212257e-04
1.843190822717443843e-04
1.842795037529241153e-04
1.842413657871289122e-04
1.842046229655616371e-04
1.841674638468576795e-04
1.841324916423569711e-04
1.840981851790928696e-04
1.840654914500233839e-04
1.840324758203685824e-04
1.840005406657390947e-04
1.839692629163524804e-04
1.839385994838875255e-04
1.839082496542299486e-04
1.838785113468213348e-04
1.838502274392167079e-04
1.838226162118423654e-04
1.837958744450852414e-04
1.837691249632869193e-04
1.837430463021827833e-04
1.837165739676509420e-04
1.836919708419714717e-04
1.836673150207976033e-04
1.836446339766787501e-04
1.836215852258877657e-04
1.835988679688252715e-04
1.835772211767303130e-04
1.835559771869349531e-04
1.835351278867934101e-04
1.835147456816934404e-04
1.834943502385940966e-04
1.834744041293614168e-04
1.834548084598807425e-04
1.834355557709014357e-04
1.834164860494272623e-04
1.833986921003988909e-04
1.833811446176457512e-04
1.833637847098061938e-04
1.833469066582276916e-04
1.833298759945800214e-04
1.833138511286192961e-04
1.832976171037381356e-04
1.832820060622635905e-04
1.832668343502652454e-04
1.832517774183651410e-04
1.832372190845395936e-04
1.832234821167107750e-04
1.832098872119178518e-04
1.831952373159267944e-04
1.831818153609412060e-04
1.831689713755221111e-04
1.831563748275460827e-04
1.831429676599875551e-04
1.831305514758109704e-04
1.831183010853998751e-04
1.831069585835915642e-04
1.830951684755773826e-04
1.830837591927847105e-04
1.830720733789280676e-04
1.830610959580843751e-04
1.830502749530358480e-04
1.830399375021762528e-04
1.830296435562521246e-04
1.830192631484542842e-04
1.830095973808511212e-04
1.830002325382707872e-04
1.829910736176356388e-04
1.829818641582940512e-04
1.829725203438027094e-04
1.829637914501123326e-04
1.829552007765841595e-04
1.829468695913317967e-04
1.829389471378038440e-04
1.829310856031946724e-04
1.829235849818462310e-04
1.829160096961523910e-04
1.829079516901518444e-04
1.829005453753488046e-04
1.828940840292472250e-04
1.828876194894401999e-04
1.828806839487623554e-04
1.828740613056415777e-04
1.828675978526708755e-04
1.828608059313391830e-04
1.828548014907070902e-04
1.828490979169951065e-04
1.828430230647057689e-04
1.828371717330436500e-04
1.828317212804844477e-04
1.828253794751804034e-04
1.828203550810499458e-04
1.828157026203747952e-04
1.828098199179783241e-04
1.828047000090218105e-04
1.828004396210756793e-04
1.827961415593439074e-04
1.827912076271603838e-04
1.827867336500543576e-04
1.827828959706691433e-04
1.827786229022589385e-04
1.827747216625105883e-04
1.827706227468222765e-04
1.827663595994631672e-04
1.827632556221811489e-04
1.827602645151207904e-04
1.827567642389535982e-04
1.827535542498640660e-04
1.827494851050951807e-04
1.827463524883765015e-04
1.827432081925759941e-04
1.827403140274319626e-04
1.827377256351379777e-04
1.827349493329930648e-04
1.827322984363029441e-04
1.827301460132763739e-04
1.827269234695519384e-04
1.827245356014739193e-04
1.827220612042957174e-04
1.827201662500490588e-04
1.827184255518268579e-04
1.827167921093111164e-04
1.827145511083176177e-04
1.827131091106879704e-04
1.827109793794373215e-04
1.827095849883663434e-04
1.827085115206864712e-04
1.827070000962545719e-04
1.827056915501839456e-04
1.827047466089673088e-04
1.827039469419765077e-04
1.827026828082373058e-04
1.827020323009769702e-04
1.827008338177192387e-04
1.827000274473834188e-04
1.826991777841983672e-04
1.826982551285465084e-04
1.826975669465388450e-04
1.826968886447687059e-04
1.826960532289472784e-04
1.826953018442412503e-04
1.826945341151796386e-04
1.826936319307389590e-04
1.826926511184866610e-04
1.826918653571346532e-04
1.826906839709171765e-04
1.826895701539659356e-04
1.826886145373900205e-04
1.826872818824596290e-04
1.826864051138964954e-04
1.826855546926366613e-04
1.826839349623321095e-04
1.826825068842709765e-04
1.826807871363276138e-04
1.826797829057191943e-04
1.826781306511212981e-04
1.826765896313286230e-04
1.826765529391757804e-04
