7.869779530062195883e-03
6.717999923448724278e-03
6.026799310698615492e-03
5.498102495390595236e-03
5.056627201799104507e-03
4.673908860190317469e-03
4.336835427918739327e-03
4.034912114468396441e-03
3.760870845051547326e-03
3.514164086592833341e-03
3.290840674029755358e-03
3.088900876248971712e-03
2.902693488830095352e-03
2.730364244891779479e-03
2.570058121796265846e-03
2.422115845130895680e-03
2.286370035744508724e-03
2.160834824599360948e-03
2.043328580111442895e-03
1.933311932307889367e-03
1.831404051538940234e-03
1.737159302240123826e-03
1.649619692251488509e-03
1.567838629494197004e-03
1.491494058186791215e-03
1.420055416467600352e-03
1.352786856089840646e-03
1.289916397338763780e-03
1.231420632132371618e-03
1.177187120713619767e-03
1.126374977671389891e-03
1.078384124683346053e-03
1.033197593834348036e-03
9.911071183706008335e-04
9.519496644610220141e-04
9.153100198347906193e-04
8.807659029043822703e-04
8.485085292456440425e-04
8.183644906519786004e-04
7.903645834395886310e-04
7.642290572587979135e-04
7.399227875910945095e-04
7.171967518289684620e-04
6.950917288348847003e-04
6.749535909258175563e-04
6.561960180812431579e-04
6.387693792442686617e-04
6.225487993830493413e-04
6.075016607715636417e-04
5.936728878030749293e-04
5.809178050588271330e-04
5.688714909631027283e-04
5.577412734389165273e-04
5.468594399369317363e-04
5.371541670348257231e-04
5.277058220001792444e-04
5.187205974140491867e-04
5.104812339478846314e-04
5.028310314613285755e-04
4.954041416957306312e-04
4.885412758315751339e-04
4.815265614958723914e-04
4.752595320354734143e-04
4.693127172095344331e-04
4.635784404439637161e-04
4.582258294956785636e-04
4.531051075611439985e-04
4.481585722142539946e-04
4.434147451477667796e-04
4.384969356842811114e-04
4.340271202132485050e-04
4.298500590203400062e-04
4.255181063411249799e-04
4.216097640594636286e-04
4.177087489909416754e-04
4.139499317022888236e-04
4.104003699883752789e-04
4.066574577109756134e-04
4.031955183505604094e-04
3.998999091312290671e-04
3.966263710904072842e-04
3.934853269989205130e-04
3.904239196001295918e-04
3.874418977314678103e-04
3.844884975843183622e-04
3.816474625667995208e-04
3.782920402066127950e-04
3.755315364183394551e-04
3.725011080880845067e-04
3.698606232387486540e-04
3.672695547890604865e-04
3.647365828121668530e-04
3.621041007667453451e-04
3.596458520655037823e-04
3.571843252031136522e-04
3.548074923185630934e-04
3.524751115326656332e-04
3.502030295086732770e-04
3.479337642392550277e-04
3.456849314707763441e-04
3.434547551238773086e-04
3.412606207282978320e-04
3.390848048556204322e-04
3.369631041042601711e-04
3.348584258331363831e-04
3.327397027498665730e-04
3.307043245090100195e-04
3.286727873278576543e-04
3.266512029534989641e-04
3.246726801796266226e-04
3.227220307169776856e-04
3.207914453098822971e-04
3.188883166270974523e-04
3.170125421591921404e-04
3.151657234921615347e-04
3.133483901565458740e-04
3.115251615041179098e-04
3.097330439518995444e-04
3.077003284334878697e-04
3.059316182022374028e-04
3.041961779795267998e-04
3.024882810641316665e-04
3.007921066946740133e-04
2.990749758323985865e-04
2.973980517036021618e-04
2.957595216760680514e-04
2.941226033533586083e-04
2.925278379385955717e-04
2.909122406358252266e-04
2.893461732245164409e-04
2.877782904647219718e-04
2.862251860154504165e-04
2.845522512402873455e-04
2.830434979155816160e-04
2.815219917121491045e-04
2.800468232304366141e-04
2.785438167035170090e-04
2.770763601909921733e-04
2.756357886082513864e-04
2.742051122152914969e-04
2.727903675701071323e-04
2.713932073301508047e-04
2.700128894982568731e-04
2.686497335422129021e-04
2.672731989325577103e-04
2.659335750223399547e-04
2.646022523515347545e-04
2.632909473595890595e-04
2.619362381576482188e-04
2.606407365753718474e-04
2.593677793627651188e-04
2.581028218402519020e-04
2.568738404192239238e-04
2.556231408677711852e-04
2.543990781874065155e-04
2.531794940535358443e-04
2.519328323776137343e-04
2.506584239884192006e-04
2.494357396761494317e-04
2.482441606795989701e-04
2.470517029357900641e-04
2.458830253020748515e-04
2.447469717910088875e-04
2.436295530846093154e-04
2.425159643657525147e-04
2.414236602973013151e-04
2.403424002373878254e-04
2.392519529689724010e-04
2.381879773046887837e-04
2.371224030543524371e-04
2.360618896825493951e-04
2.350387745412832376e-04
2.340190887006815892e-04
2.330007078943658726e-04
2.319695136822500577e-04
2.309772418733028478e-04
2.299753945995686979e-04
2.289965475467878049e-04
2.280388708461654305e-04
2.270848521768196798e-04
2.261389619903695475e-04
2.252069482169103570e-04
2.242958577089712363e-04
2.232200134675487932e-04
2.222490688043157259e-04
2.213428989269669036e-04
2.204349756405624367e-04
2.195450355750974464e-04
2.185159840599174735e-04
2.176446905820111368e-04
2.168029630698426130e-04
2.159660471008343534e-04
2.151459070334846985e-04
2.143502176537682785e-04
2.135054641299182919e-04
2.127047352705953060e-04
2.119187615893489173e-04
2.111487106304233807e-04
2.103683144265829715e-04
2.095443705957607695e-04
2.088197199908138841e-04
2.081102127619098270e-04
2.073985349784473607e-04
2.066029230837170059e-04
2.058643698486962851e-04
2.051903312988261063e-04
2.045433672142125524e-04
2.039089028125112325e-04
2.032163304181932814e-04
2.026024399400844938e-04
2.019536557443226885e-04
2.013883043113850275e-04
2.008431133435167296e-04
2.002624936957522902e-04
1.997394456531576803e-04
1.992298034702281344e-04
1.983373132981256241e-04
1.978426848614254585e-04
1.973739633048446742e-04
1.969335829464173679e-04
1.965010912404734772e-04
1.960918633757487866e-04
1.956811533608442458e-04
1.951035751997992954e-04
1.946161163840007117e-04
1.942426118696270016e-04
1.938930506808735554e-04
1.935305732991875812e-04
1.931795724563674399e-04
1.928329103858031064e-04
1.925185590795493412e-04
1.922316136061912040e-04
1.917699395236615873e-04
1.914501590254693794e-04
1.911644605976403925e-04
1.908454986614660216e-04
1.906069780061780885e-04
1.903613853439035985e-04
1.901524373292972248e-04
1.899402590390963398e-04
1.897496178740797968e-04
1.894853981745038725e-04
1.892719425053935797e-04
1.891119195795696629e-04
1.889059479107381651e-04
1.887274855047570545e-04
1.885509237249796200e-04
1.882643846121850352e-04
1.879454919373778950e-04
1.878105234385380980e-04
1.876672661973407315e-04
1.875380019221471804e-04
1.873313622771774131e-04
1.871773159953285775e-04
1.870887332319049563e-04
1.869688989609796608e-04
1.868071942905910642e-04
1.866983033496576292e-04
1.866122845597435070e-04
1.864924608362635071e-04
1.864295469095505792e-04
1.863538852787678234e-04
1.862945181937864262e-04
1.862304355527555485e-04
1.861902759189814878e-04
1.861512549248519395e-04
1.861195213132071187e-04
1.860865303186700476e-04
1.860428737683570170e-04
1.859773773136410636e-04
1.859236743788033989e-04
1.859008219614383041e-04
1.858553755245563989e-04
1.857676038243749801e-04
1.857232628528759368e-04
1.857103945218776869e-04
1.857059523960098333e-04
1.856927117909745197e-04
1.856786752649361915e-04
1.856517192868903322e-04
1.855616819917248607e-04
1.854831342252608289e-04
1.854733548610041250e-04
1.854349948659074292e-04
1.854200987127627869e-04
1.853965652199169841e-04
1.853682235677978920e-04
1.853328928604264019e-04
1.852850731564545394e-04
1.852758314539695752e-04
1.852532245450256904e-04
1.851855433848495231e-04
1.851790645325992861e-04
1.851194599008133693e-04
1.849033899059558987e-04
1.848759507968980630e-04
