1.641735012252391174e-04
1.314481246219588765e-04
1.148158690079803258e-04
1.048436837449465652e-04
9.863513875381034175e-05
9.482603228090317343e-05
9.241849602510950426e-05
9.076977080217821334e-05
8.958940195517071210e-05
8.871167041228076894e-05
8.802557611735351527e-05
8.746994125192352918e-05
8.701323944557834357e-05
8.663106710153701856e-05
8.630095939445176498e-05
8.600988285921793840e-05
8.575320942419279433e-05
8.552045406266728844e-05
8.530881787024759144e-05
8.511636725315800905e-05
8.493865458343107086e-05
8.477537104234527309e-05
8.462701958032168615e-05
8.448808738881937439e-05
8.436052853395984233e-05
8.424060436081851760e-05
8.412883870212351683e-05
8.402513258325139400e-05
8.392857621831585993e-05
8.383711839620611877e-05
8.375187487835004138e-05
8.367064825191170778e-05
8.359433744103175442e-05
8.352265521806508423e-05
8.345660596074877741e-05
8.339156232773671778e-05
8.333200243280044247e-05
8.327557000571944156e-05
8.321846813372060553e-05
8.316689402851664672e-05
8.311542330005164685e-05
8.306521287020459570e-05
8.301952851328046174e-05
8.297422304347783402e-05
8.293078617571049047e-05
8.289020975518198798e-05
8.285026044956064881e-05
8.280873031297678434e-05
8.277080268211266701e-05
8.273325314577779997e-05
8.269891053419993173e-05
8.266380497187453518e-05
8.262959747165096833e-05
8.259834192311502250e-05
8.256775712082845865e-05
8.253811479386732517e-05
8.250704709505040854e-05
8.247961997953539627e-05
8.245301775198747986e-05
8.242813010308053495e-05
8.240288948908121476e-05
8.237905891952898324e-05
8.235577125030979875e-05
8.233216154145475696e-05
8.231013928562405321e-05
8.228977158171214845e-05
8.226881641039420997e-05
8.224930178701804202e-05
8.223064226807096577e-05
8.221193915653108360e-05
8.219115662338167638e-05
8.217427163806694196e-05
8.215685043741291916e-05
8.214037841707005514e-05
8.212428623286027794e-05
8.210968424952773458e-05
8.209517908469899402e-05
8.208018909740551314e-05
8.206710598405163890e-05
8.205343533502065855e-05
8.204011470781446202e-05
8.202793594559204440e-05
8.201644849744135638e-05
8.200227117837834200e-05
8.198864281110088592e-05
8.197866761683851458e-05
8.196717846892768869e-05
8.195767370766326673e-05
8.194686520223821394e-05
8.193599731521418504e-05
8.192676420337559003e-05
8.191814716605497443e-05
8.190891076589796357e-05
8.189985343441090612e-05
8.189123881702753372e-05
8.188301627116769689e-05
8.187388326807676874e-05
8.186677486993521632e-05
8.185864982401600931e-05
8.185065678756112942e-05
8.184372444956259046e-05
8.183650114589224769e-05
8.182976518088122759e-05
8.182336979469522376e-05
8.181667887561581520e-05
8.181041824379699495e-05
8.180490544355841875e-05
8.179901689299621886e-05
8.179370502956616231e-05
8.178832318668308730e-05
8.178056510464387185e-05
8.177496112869877100e-05
8.177001869529959251e-05
8.176471444757633434e-05
8.176052901982030358e-05
8.175635087653818664e-05
8.175207813796944202e-05
8.174696398960913852e-05
8.174266498213213488e-05
8.173759069348040987e-05
8.173348871200116373e-05
8.172965645646181076e-05
8.172598148612037166e-05
8.172207658500403257e-05
8.171868608270168384e-05
8.171509003296136453e-05
8.171193863346434697e-05
8.170831114178884482e-05
8.170494975528878098e-05
8.170116916057284715e-05
8.169773341153377540e-05
8.169484955348449407e-05
8.169225990336932372e-05
8.168919192248094252e-05
8.168590347335388465e-05
8.168330461329515618e-05
8.168053072486552123e-05
8.167806935406131191e-05
8.167553125660657041e-05
8.167280112807369689e-05
8.167065890518865291e-05
8.166827943455834220e-05
8.166629396709510576e-05
8.166414845843785407e-05
8.166207173367878952e-05
8.166010691812814685e-05
8.165797394099245129e-05
8.165525419733758034e-05
8.165344063168711525e-05
8.165163076544215107e-05
8.164904949554125497e-05
8.164725988196883599e-05
8.164550075239565303e-05
8.164387645310883723e-05
8.164219682847825496e-05
8.164048120285334565e-05
8.163889350293310654e-05
8.163713437543859664e-05
8.163539086483465284e-05
8.163397330284837428e-05
8.163187984823538446e-05
8.163062884208967718e-05
8.162924561086666066e-05
8.162738423242183600e-05
8.162606163435126257e-05
8.162486357817551189e-05
8.162350838325476549e-05
8.162227707355452838e-05
8.162103018808907211e-05
8.161993656168605273e-05
8.161884313512294739e-05
8.161757062260243409e-05
8.161647841275911466e-05
8.161527477671576844e-05
8.161428215540679466e-05
8.161262918458945636e-05
8.160982144191540816e-05
8.160887288218001084e-05
8.160787795286355997e-05
8.160679699359573076e-05
8.160508153340450112e-05
8.160371161957217254e-05
8.160281629651346602e-05
8.160197639284851078e-05
8.160123847206366343e-05
8.160039510276734828e-05
8.159960027954215396e-05
8.159895890395009964e-05
8.159825871590206854e-05
8.159727406322933010e-05
8.159644467034486682e-05
8.159552011257161690e-05
8.159492143070821480e-05
8.159420041494701303e-05
8.159350909768107475e-05
8.159276721018778240e-05
8.159224985903560257e-05
8.159173613339517879e-05
8.159104150110115178e-05
8.159061778109338143e-05
8.159014329091907069e-05
8.158950341242934454e-05
8.158911979970251459e-05
8.158862278777776161e-05
8.158812207780612147e-05
8.158772095473273880e-05
8.158726960027519980e-05
8.158685629879008211e-05
8.158639300968217227e-05
8.158602398335915021e-05
8.158540464959714055e-05
8.158493526515758027e-05
8.158463779096793069e-05
8.158403892833761457e-05
8.158362532256480104e-05
8.158327543351655167e-05
8.158259290960458425e-05
8.158221870646415917e-05
8.158193775234908384e-05
8.158175155325855462e-05
8.158147830375833882e-05
8.158114972044154696e-05
8.158074872829735376e-05
8.158027514872998715e-05
8.158010199942208017e-05
8.157998862620284737e-05
8.157971538556527959e-05
8.157951552450872846e-05
8.157935512406726427e-05
8.157908894715949235e-05
8.157862277343397534e-05
8.157841605187501010e-05
8.157819067409596207e-05
8.157803744680581235e-05
8.157782886254804982e-05
8.157773188225677990e-05
8.157743550348472376e-05
8.157723304598209744e-05
8.157707710088113516e-05
8.157692475051899156e-05
8.157660511273710498e-05
8.157628899176918788e-05
8.157598769224018746e-05
8.157539255908005454e-05
8.157522915026650158e-05
8.157469958576804776e-05
8.157406984059145552e-05
8.157358152225939615e-05
8.157347239183775067e-05
8.157328567491743741e-05
8.157299691219488239e-05
8.157284372365739803e-05
8.157245366194700899e-05
8.157208224618198980e-05
8.157196634658472445e-05
8.157164126364684726e-05
8.157140626420634013e-05
8.157104744799930100e-05
8.157085285532581040e-05
8.157065879533555164e-05
8.157046907093861929e-05
8.157019651200739761e-05
8.157000528756584278e-05
8.156967283912271941e-05
8.156941051321606271e-05
8.156921002702102080e-05
8.156900076055308342e-05
8.156891202277414480e-05
8.156860106398187342e-05
8.156812701021272003e-05
8.156782415901520371e-05
8.156755630212873874e-05
8.156743274332514215e-05
8.156733992410458440e-05
8.156724217178326446e-05
8.156711906160130359e-05
8.156653508791740005e-05
8.156630661039776791e-05
8.156607573538058426e-05
8.156594212465858359e-05
8.156537634777558479e-05
8.156530704399187143e-05
8.156504208479311148e-05
8.156480364574976731e-05
8.156485484488191367e-05
8.156456139582156080e-05
8.156426275617996674e-05
8.156392136525136513e-05
8.156373845905161692e-05
8.156293362653036405e-05
8.156291916272422114e-05
8.156287084334127538e-05
8.156285977678968317e-05
8.156244360395206348e-05
8.156216274980391146e-05
8.156206125121052725e-05
8.156225420243282847e-05
8.156162252048199536e-05
8.156162444106191496e-05
8.156166206229398588e-05
8.156294792537728772e-05
