1.083881631966160310e-04
2.276151427128936949e-03
4.443914691061256160e-03
6.611677954993571034e-03
8.779441218925898918e-03
1.094720448285823114e-02
1.311496774679055989e-02
1.528273101072289211e-02
1.745049427465522260e-02
1.961825753858755308e-02
2.178602080251988357e-02
2.395378406645221406e-02
2.612154733038454454e-02
2.828931059431687503e-02
3.045707385824920552e-02
3.262483712218153253e-02
3.479260038611386302e-02
3.696036365004620045e-02
3.912812691397853093e-02
4.129589017791085448e-02
4.346365344184319190e-02
4.563141670577552239e-02
4.779917996970784594e-02
4.996694323364018336e-02
5.213470649757251385e-02
5.430246976150483740e-02
5.647023302543716788e-02
5.863799628936949143e-02
6.080575955330182886e-02
6.297352281723415934e-02
6.514128608116649677e-02
6.730904934509882032e-02
6.947681260903114386e-02
7.164457587296348129e-02
7.381233913689581871e-02
7.598010240082814226e-02
7.814786566476047969e-02
8.031562892869280323e-02
8.248339219262512678e-02
8.465115545655746421e-02
8.681891872048980163e-02
8.898668198442213906e-02
9.115444524835444873e-02
9.332220851228678615e-02
9.548997177621912358e-02
9.765773504015144713e-02
9.982549830408378455e-02
1.019932615680161220e-01
1.041610248319484594e-01
1.063287880958807691e-01
1.084965513598131065e-01
1.106643146237454439e-01
1.128320778876777258e-01
1.149998411516098135e-01
1.170592162523453050e-01
