7.709966099514576655e-03
5.094508370527283531e-03
3.953362902439823585e-03
3.225332238650564613e-03
2.702474130954136706e-03
2.288580227354817826e-03
1.950499832033623926e-03
1.671597392507756259e-03
1.440993450225125632e-03
1.248224783616756588e-03
1.084008839119093674e-03
9.436518017069924543e-04
8.237634559367920445e-04
7.225221255459978245e-04
6.392646696584280584e-04
5.712281718553849710e-04
5.148634309273441081e-04
4.693077585153103740e-04
4.339266863249923410e-04
4.069428796193628973e-04
3.863853294665861690e-04
3.706307175610722951e-04
3.583098060927525667e-04
3.485924526696971355e-04
3.406388219544830877e-04
3.337652905965878903e-04
3.280384111345008530e-04
3.234164907108128938e-04
3.194428146105427802e-04
3.159480021881016739e-04
3.132274796753108255e-04
3.110396006921556183e-04
3.093598386072439130e-04
3.078722477594105856e-04
3.065468632047101192e-04
3.055592323877973798e-04
3.048362892771201683e-04
3.043120221806456084e-04
3.036492365957986364e-04
3.033807692488873120e-04
3.027921510070487950e-04
3.024764623820251738e-04
3.023281965677020937e-04
3.021409134327029608e-04
3.020626047533117413e-04
3.020004480101185006e-04
3.018282233236708871e-04
3.016769980320028696e-04
3.016602628085418916e-04
3.015248679633042114e-04
3.014104803469634338e-04
3.013974207615418340e-04
3.013908560823825135e-04
3.014830681028595740e-04
3.016608795805913405e-04
