0.000000000000000000e+00
0.000000000000000000e+00
0.000000000000000000e+00
-2.643970406636852033e+01
1.042730912993545367e+01
1.378917594316718009e+01
0.000000000000000000e+00
0.000000000000000000e+00
0.000000000000000000e+00
-1.801642661700938675e+01
7.462648212073025533e+00
2.485247178082612507e+01
0.000000000000000000e+00
0.000000000000000000e+00
0.000000000000000000e+00
-9.716942289890036832e+00
1.266336576157431359e+01
2.726074650708475389e+01
-2.545370359287125073e+00
1.933400724416186733e+01
2.485247178082612507e+01
-2.545370359287125073e+00
1.933400724416186733e+01
2.485247178082612507e+01
-3.228908169153199115e+00
2.823757919587929166e+01
1.378917594316718009e+01
-3.228908169153199115e+00
2.823757919587929166e+01
1.378917594316718009e+01
3.558241431172804337e+00
2.702752704264707617e+01
1.596182320026337287e+01
4.123322403571602734e+00
3.131974317193875379e+01
0.000000000000000000e+00
-1.547105625786401895e+01
1.187135900599622040e+01
2.485247178082612507e+01
-2.083435998844412218e+00
1.582526759063445532e+01
2.726074650708475389e+01
-6.108325315764281171e+00
1.474680174523476950e+01
2.726074650708475389e+01
-6.108325315764281171e+00
1.474680174523476950e+01
2.726074650708475389e+01
-9.716942289890036832e+00
1.266336576157431359e+01
2.726074650708475389e+01
2.545370359287123296e+00
1.933400724416186378e+01
2.485247178082612507e+01
4.189537416707966422e+00
2.811110995749515595e+01
1.378917594316718009e+01
3.931925218988183701e+00
3.134434660464761535e+01
0.000000000000000000e+00
1.208896968122098237e+01
2.918535441015783860e+01
0.000000000000000000e+00
1.043223608773657674e+01
2.518564571999813495e+01
-1.596182320026337287e+01
1.691510613392478390e+01
2.284000681450072179e+01
-1.378917594316718009e+01
1.547105625786401717e+01
1.187135900599622218e+01
-2.485247178082612507e+01
1.187135900599622040e+01
1.547105625786401895e+01
2.485247178082612507e+01
1.187135900599622040e+01
1.547105625786401895e+01
2.485247178082612507e+01
7.462648212073025533e+00
1.801642661700938675e+01
2.485247178082612507e+01
1.768380079094293222e+01
2.225016665992921361e+01
1.378917594316718009e+01
1.132247307262041325e+01
2.606891502015695394e+01
1.378917594316718009e+01
2.506203203663675794e+01
1.923077352044354171e+01
0.000000000000000000e+00
1.659529098056249907e+01
2.162740431475757674e+01
-1.596182320026337287e+01
1.659529098056249907e+01
2.162740431475757674e+01
-1.596182320026337287e+01
1.801642661700938675e+01
7.462648212073025533e+00
-2.485247178082612507e+01
1.474680174523476950e+01
-6.108325315764281171e+00
-2.726074650708475389e+01
1.582526759063445532e+01
-2.083435998844410886e+00
-2.726074650708475389e+01
1.187135900599622218e+01
-1.547105625786401717e+01
-2.485247178082612507e+01
2.284000681450072179e+01
1.691510613392478746e+01
1.378917594316718009e+01
2.494409104380266129e+01
1.938350902180726365e+01
0.000000000000000000e+00
1.907732040423385200e+01
2.517903783297134979e+01
0.000000000000000000e+00
2.518564571999813495e+01
1.043223608773657674e+01
-1.596182320026337287e+01
2.162740431475757319e+01
1.659529098056249907e+01
-1.596182320026337287e+01
2.162740431475757319e+01
1.659529098056249907e+01
-1.596182320026337287e+01
1.933400724416186733e+01
2.545370359287125073e+00
-2.485247178082612507e+01
9.716942289890036832e+00
1.266336576157431537e+01
-2.726074650708475389e+01
7.462648212073025533e+00
-1.801642661700938675e+01
-2.485247178082612507e+01
2.518564571999813495e+01
-1.043223608773657674e+01
-1.596182320026337287e+01
1.042730912993545545e+01
-2.643970406636852033e+01
-1.378917594316718009e+01
1.226702615946165231e+01
-2.911096304149148395e+01
-0.000000000000000000e+00
-2.848736709385764243e+01
1.365276587581419143e+01
0.000000000000000000e+00
-2.966719795314647357e+01
1.085290125306690712e+01
0.000000000000000000e+00
-2.590766979903798628e+01
1.168671777670679468e+01
1.378917594316718009e+01
-2.691055843156311056e+01
9.143772291008071207e+00
1.378917594316718009e+01
-2.804963249040283202e+01
4.583104184034781703e+00
1.378917594316718009e+01
-2.836018580015582913e+01
1.867240795671236908e+00
1.378917594316718009e+01
-2.804963249040283202e+01
4.583104184034781703e+00
1.378917594316718009e+01
-1.835445731616156095e+01
6.587612846277792755e+00
2.485247178082612507e+01
-2.549426174807397771e+01
1.256301495378682631e+01
1.378917594316718009e+01
-1.943404401568436057e+01
1.612662264605888573e+00
2.485247178082612507e+01
-2.549426174807397771e+01
1.256301495378682631e+01
1.378917594316718009e+01
-1.761614226711177622e+01
2.080432242944748467e+01
1.596182320026337287e+01
-2.080432242944748822e+01
1.761614226711177267e+01
1.596182320026337287e+01
-3.472188596262352434e+00
1.918923272919547429e+01
2.485247178082612507e+01
-1.005573163100067902e+01
2.658324638138976326e+01
1.378917594316718009e+01
-1.256301495378682631e+01
2.549426174807397771e+01
1.378917594316718009e+01
-6.587612846277792755e+00
1.835445731616156095e+01
2.485247178082612507e+01
-4.583104184034779927e+00
2.804963249040283202e+01
1.378917594316718009e+01
-1.867240795671236908e+00
2.836018580015582913e+01
1.378917594316718009e+01
-4.583104184034779927e+00
2.804963249040283202e+01
1.378917594316718009e+01
4.853865528609619062e+00
2.682514286175767637e+01
1.596182320026337287e+01
2.254383790887023231e+00
2.716737112506323371e+01
1.596182320026337287e+01
4.853865528609619062e+00
2.682514286175767637e+01
1.596182320026337287e+01
2.254383790887023231e+00
2.716737112506323371e+01
1.596182320026337287e+01
-1.488226872244106680e+01
1.260161989810410610e+01
2.485247178082612507e+01
-1.602404469321181324e+01
1.111362848277695647e+01
2.485247178082612507e+01
-1.319995968794410501e+00
1.590714966670121555e+01
2.726074650708475389e+01
-2.842055091388797194e+00
1.570676678167652263e+01
2.726074650708475389e+01
-1.763670693645577359e+01
8.320415543758246102e+00
2.485247178082612507e+01
-1.835445731616156095e+01
6.587612846277792755e+00
2.485247178082612507e+01
-5.392091474692501052e+00
1.502348659283238774e+01
2.726074650708475389e+01
-6.810424779094589098e+00
1.443599370340540311e+01
2.726074650708475389e+01
-9.096724877345831572e+00
1.311599772729255520e+01
2.726074650708475389e+01
-1.031467528833988467e+01
1.218143150752720771e+01
2.726074650708475389e+01
3.472188596262354210e+00
1.918923272919547074e+01
2.485247178082612507e+01
1.612662264605888573e+00
1.943404401568436057e+01
2.485247178082612507e+01
5.536540101099506117e+00
2.787711338207915190e+01
1.378917594316718009e+01
2.832840422616154541e+00
2.828005908671994462e+01
1.378917594316718009e+01
5.536540101099506117e+00
2.787711338207915190e+01
1.378917594316718009e+01
2.420041471658393117e+00
3.149716652772838543e+01
0.000000000000000000e+00
-1.867240795671236908e+00
2.836018580015582913e+01
1.378917594316718009e+01
1.067147327397571743e+01
2.973294062421041062e+01
0.000000000000000000e+00
1.347849278070240686e+01
2.857023507709645571e+01
0.000000000000000000e+00
1.067147327397571743e+01
2.973294062421041062e+01
0.000000000000000000e+00
5.624703344383037873e+00
3.108521854978160093e+01
0.000000000000000000e+00
2.612400358721388205e+00
3.148179576145160397e+01
0.000000000000000000e+00
4.853865528609619062e+00
2.682514286175767637e+01
-1.596182320026337287e+01
1.579717084383837822e+01
2.362702097470102203e+01
-1.378917594316718009e+01
1.260161989810410610e+01
1.488226872244106680e+01
2.485247178082612507e+01
1.111362848277695647e+01
1.602404469321181324e+01
2.485247178082612507e+01
1.260161989810410610e+01
1.488226872244106680e+01
2.485247178082612507e+01
2.200014222112825379e+01
1.799390088498070028e+01
1.378917594316718009e+01
8.320415543758246102e+00
1.763670693645577359e+01
2.485247178082612507e+01
6.587612846277792755e+00
1.835445731616156095e+01
2.485247178082612507e+01
1.873334109770530276e+01
2.137401829617923710e+01
1.378917594316718009e+01
1.659334133027206093e+01
2.307482936676811747e+01
1.378917594316718009e+01
1.256301495378682631e+01
2.549426174807397771e+01
1.378917594316718009e+01
1.048964714110759999e+01
2.979757377463898393e+01
0.000000000000000000e+00
2.595783470389116943e+01
1.800330296044209177e+01
0.000000000000000000e+00
2.410823729186744657e+01
2.041374523890732462e+01
0.000000000000000000e+00
2.041374523890732107e+01
2.410823729186745012e+01
0.000000000000000000e+00
1.553603919895094876e+01
2.240044165038255031e+01
-1.596182320026337287e+01
1.761614226711177267e+01
2.080432242944748822e+01
-1.596182320026337287e+01
9.096724877345833349e+00
1.311599772729255520e+01
-2.726074650708475389e+01
1.163133190858816945e+01
2.465482545376852386e+01
-1.596182320026337287e+01
5.392091474692502828e+00
1.502348659283238774e+01
-2.726074650708475389e+01
1.443599370340540311e+01
-6.810424779094589098e+00
-2.726074650708475389e+01
1.502348659283238774e+01
-5.392091474692502828e+00
-2.726074650708475389e+01
1.570676678167652263e+01
-2.842055091388798971e+00
-2.726074650708475389e+01
1.260161989810410610e+01
-1.488226872244106680e+01
-2.485247178082612507e+01
9.143772291008067654e+00
-2.691055843156311056e+01
-1.378917594316718009e+01
1.168671777670679468e+01
-2.590766979903798628e+01
-1.378917594316718009e+01
2.362702097470102203e+01
1.579717084383837822e+01
1.378917594316718009e+01
2.200014222112825379e+01
1.799390088498070028e+01
1.378917594316718009e+01
2.584737515626882498e+01
1.816153345758823789e+01
0.000000000000000000e+00
2.398308777036887918e+01
2.056063231028613458e+01
0.000000000000000000e+00
2.973294062421041062e+01
1.067147327397571388e+01
0.000000000000000000e+00
2.857023507709645571e+01
1.347849278070240686e+01
0.000000000000000000e+00
2.565818794766706290e+01
9.209000562804108725e+00
-1.596182320026337287e+01
2.465482545376852386e+01
1.163133190858816945e+01
-1.596182320026337287e+01
2.240044165038255031e+01
1.553603919895094698e+01
-1.596182320026337287e+01
2.080432242944748467e+01
1.761614226711177622e+01
-1.596182320026337287e+01
2.240044165038255031e+01
1.553603919895094698e+01
-1.596182320026337287e+01
1.943404401568436057e+01
-1.612662264605888573e+00
-2.485247178082612507e+01
1.943404401568436057e+01
1.612662264605892126e+00
-2.485247178082612507e+01
1.311599772729255520e+01
-9.096724877345833349e+00
-2.726074650708475389e+01
1.218143150752720949e+01
-1.031467528833988290e+01
-2.726074650708475389e+01
3.472188596262352434e+00
-1.918923272919547429e+01
-2.485247178082612507e+01
6.587612846277792755e+00
-1.835445731616156095e+01
-2.485247178082612507e+01
4.583104184034779927e+00
-2.804963249040283202e+01
-1.378917594316718009e+01
1.659334133027206093e+01
-2.307482936676811747e+01
-1.378917594316718009e+01
5.814486030028276353e+00
-3.105027942235956573e+01
-0.000000000000000000e+00
1.085290125306690356e+01
-2.966719795314647712e+01
-0.000000000000000000e+00
1.365276587581419321e+01
-2.848736709385764243e+01
-0.000000000000000000e+00
1.085290125306690356e+01
-2.966719795314647712e+01
-0.000000000000000000e+00
1.168671777670679468e+01
-2.590766979903798628e+01
1.378917594316718009e+01
0.000000000000000000e+00
0.000000000000000000e+00
0.000000000000000000e+00
0.000000000000000000e+00
0.000000000000000000e+00
0.000000000000000000e+00
-2.595675449413246128e+01
1.157728910150012602e+01
-1.378917594316718009e+01
0.000000000000000000e+00
0.000000000000000000e+00
0.000000000000000000e+00
0.000000000000000000e+00
0.000000000000000000e+00
0.000000000000000000e+00
0.000000000000000000e+00
0.000000000000000000e+00
0.000000000000000000e+00
0.000000000000000000e+00
0.000000000000000000e+00
0.000000000000000000e+00
0.000000000000000000e+00
0.000000000000000000e+00
0.000000000000000000e+00
0.000000000000000000e+00
0.000000000000000000e+00
0.000000000000000000e+00
0.000000000000000000e+00
0.000000000000000000e+00
0.000000000000000000e+00
0.000000000000000000e+00
0.000000000000000000e+00
0.000000000000000000e+00
0.000000000000000000e+00
0.000000000000000000e+00
0.000000000000000000e+00
0.000000000000000000e+00
0.000000000000000000e+00
0.000000000000000000e+00
0.000000000000000000e+00
0.000000000000000000e+00
0.000000000000000000e+00
0.000000000000000000e+00
0.000000000000000000e+00
0.000000000000000000e+00
0.000000000000000000e+00
0.000000000000000000e+00
0.000000000000000000e+00
0.000000000000000000e+00
0.000000000000000000e+00
0.000000000000000000e+00
0.000000000000000000e+00
0.000000000000000000e+00
0.000000000000000000e+00
-6.665005905226288441e+00
1.832649564610047577e+01
2.485247178082612507e+01
-8.245918457250226652e+00
1.767166022703076322e+01
2.485247178082612507e+01
2.775750707501099424e+00
1.571861978311942210e+01
2.726074650708475389e+01
1.387108862662119080e+00
1.590143795005942806e+01
2.726074650708475389e+01
2.775750707501099424e+00
1.571861978311942210e+01
2.726074650708475389e+01
1.387108862662119080e+00
1.590143795005942806e+01
2.726074650708475389e+01
-2.854472510837739208e+01
1.353243394542048961e+01
0.000000000000000000e+00
-2.962113697526753953e+01
1.097799363692829644e+01
0.000000000000000000e+00
-2.595675449413246128e+01
1.157728910150012602e+01
1.378917594316718009e+01
-2.687173414291024187e+01
9.257247482979554576e+00
1.378917594316718009e+01
-3.107453881879124324e+01
5.683408941773908651e+00
0.000000000000000000e+00
-3.145313504203564747e+01
2.937413152327878141e+00
0.000000000000000000e+00
-2.806872244314117282e+01
4.464700126355917398e+00
1.378917594316718009e+01
-2.835205396188388249e+01
1.986897820926833536e+00
1.378917594316718009e+01
-2.554704791422331311e+01
1.245532294550235974e+01
1.378917594316718009e+01
-2.654057675077897471e+01
1.016781749169358484e+01
1.378917594316718009e+01
-2.554704791422331311e+01
1.245532294550235974e+01
1.378917594316718009e+01
-2.654057675077897471e+01
1.016781749169358484e+01
1.378917594316718009e+01
-2.087847340634581528e+01
1.752819580972451874e+01
1.596182320026337287e+01
-2.233468355701606711e+01
1.563042579495164830e+01
1.596182320026337287e+01
-2.087847340634581528e+01
1.752819580972451874e+01
1.596182320026337287e+01
-3.391183356824978734e+00
1.920371375082523713e+01
2.485247178082612507e+01
-6.665005905226288441e+00
1.832649564610047577e+01
2.485247178082612507e+01
-8.245918457250226652e+00
1.767166022703076322e+01
2.485247178082612507e+01
-6.665005905226288441e+00
1.832649564610047577e+01
2.485247178082612507e+01
-8.245918457250226652e+00
1.767166022703076322e+01
2.485247178082612507e+01
2.775750707501099424e+00
1.571861978311942210e+01
2.726074650708475389e+01
1.387108862662119080e+00
1.590143795005942806e+01
2.726074650708475389e+01
4.740626146191124768e+00
2.684538626776643966e+01
1.596182320026337287e+01
2.369004004638939787e+00
2.715761624571527832e+01
1.596182320026337287e+01
2.577050738305316102e+01
1.827044195469836652e+01
0.000000000000000000e+00
2.406963556026533624e+01
2.045924592931054775e+01
0.000000000000000000e+00
2.577050738305316102e+01
1.827044195469836652e+01
0.000000000000000000e+00
2.684538626776643966e+01
4.740626146191126544e+00
-1.596182320026337287e+01
2.016366029489173428e+01
2.431778985665034298e+01
0.000000000000000000e+00
2.470368756733885718e+01
1.152719049460193190e+01
-1.596182320026337287e+01
2.561909955684149054e+01
9.317190457438215390e+00
-1.596182320026337287e+01
2.470368756733885718e+01
1.152719049460193190e+01
-1.596182320026337287e+01
2.233468355701606711e+01
1.563042579495164830e+01
-1.596182320026337287e+01
1.222484868919061007e+01
1.026318052081618148e+01
-2.726074650708475389e+01
1.920371375082523713e+01
-3.391183356824978734e+00
-2.485247178082612507e+01
1.942706591229189428e+01
-1.694655251874934043e+00
-2.485247178082612507e+01
1.222484868919060830e+01
-1.026318052081618326e+01
-2.726074650708475389e+01
3.391183356824978734e+00
-1.920371375082523713e+01
-2.485247178082612507e+01
1.694655251874930491e+00
-1.942706591229189428e+01
-2.485247178082612507e+01
1.245532294550235974e+01
-2.554704791422331311e+01
-1.378917594316718009e+01
1.986897820926833536e+00
-2.835205396188388249e+01
-1.378917594316718009e+01
5.683408941773910428e+00
-3.107453881879124324e+01
-0.000000000000000000e+00
2.937413152327878141e+00
-3.145313504203564747e+01
-0.000000000000000000e+00
4.464700126355919174e+00
-2.806872244314116926e+01
1.378917594316718009e+01
-4.740626146191124768e+00
-2.684538626776643966e+01
1.596182320026337287e+01
-2.369004004638939787e+00
-2.715761624571527832e+01
1.596182320026337287e+01
9.257247482979556352e+00
-2.687173414291024187e+01
1.378917594316718009e+01
-2.369004004638939787e+00
-2.715761624571527832e+01
1.596182320026337287e+01
2.356015005620598401e+01
1.589673098902526682e+01
-1.378917594316718009e+01
1.571861978311942210e+01
2.775750707501100312e+00
-2.726074650708475389e+01
0.000000000000000000e+00
0.000000000000000000e+00
0.000000000000000000e+00
0.000000000000000000e+00
0.000000000000000000e+00
0.000000000000000000e+00
1.500059939921212404e+01
5.455439261949755370e+00
-2.726074650708475389e+01
1.446460364692981138e+01
6.749447474696789406e+00
-2.726074650708475389e+01
0.000000000000000000e+00
0.000000000000000000e+00
0.000000000000000000e+00
0.000000000000000000e+00
0.000000000000000000e+00
0.000000000000000000e+00
0.000000000000000000e+00
0.000000000000000000e+00
0.000000000000000000e+00
0.000000000000000000e+00
0.000000000000000000e+00
0.000000000000000000e+00
0.000000000000000000e+00
0.000000000000000000e+00
0.000000000000000000e+00
0.000000000000000000e+00
0.000000000000000000e+00
0.000000000000000000e+00
0.000000000000000000e+00
0.000000000000000000e+00
0.000000000000000000e+00
-0.000000000000000000e+00
-0.000000000000000000e+00
-3.158999999999999631e+01
0.000000000000000000e+00
0.000000000000000000e+00
0.000000000000000000e+00
0.000000000000000000e+00
0.000000000000000000e+00
0.000000000000000000e+00
1.669056422100969428e+01
-2.300460373039992845e+01
-1.378917594316718009e+01
2.016366029489173428e+01
-2.431778985665033943e+01
-0.000000000000000000e+00
-0.000000000000000000e+00
-0.000000000000000000e+00
-3.158999999999999631e+01
8.245918457250226652e+00
-1.767166022703076322e+01
-2.485247178082612507e+01
9.257247482979556352e+00
-2.687173414291024187e+01
1.378917594316718009e+01
-1.387108862662119080e+00
-1.590143795005942806e+01
2.726074650708475389e+01
2.406963556026533624e+01
-2.045924592931054775e+01
-0.000000000000000000e+00
1.157728910150012425e+01
-2.595675449413246128e+01
1.378917594316718009e+01
0.000000000000000000e+00
0.000000000000000000e+00
0.000000000000000000e+00
0.000000000000000000e+00
0.000000000000000000e+00
0.000000000000000000e+00
-2.599757056118014731e+01
1.148534073176928949e+01
-1.378917594316718009e+01
-2.683879910146605852e+01
9.352303972793237108e+00
-1.378917594316718009e+01
0.000000000000000000e+00
0.000000000000000000e+00
0.000000000000000000e+00
0.000000000000000000e+00
0.000000000000000000e+00
0.000000000000000000e+00
-2.808434974879564194e+01
4.365320835368414976e+00
-1.378917594316718009e+01
-2.834484358064381482e+01
2.087239611835362663e+00
-1.378917594316718009e+01
0.000000000000000000e+00
0.000000000000000000e+00
0.000000000000000000e+00
0.000000000000000000e+00
0.000000000000000000e+00
0.000000000000000000e+00
0.000000000000000000e+00
0.000000000000000000e+00
0.000000000000000000e+00
0.000000000000000000e+00
0.000000000000000000e+00
0.000000000000000000e+00
0.000000000000000000e+00
0.000000000000000000e+00
0.000000000000000000e+00
0.000000000000000000e+00
0.000000000000000000e+00
0.000000000000000000e+00
0.000000000000000000e+00
0.000000000000000000e+00
0.000000000000000000e+00
0.000000000000000000e+00
0.000000000000000000e+00
0.000000000000000000e+00
0.000000000000000000e+00
0.000000000000000000e+00
0.000000000000000000e+00
-8.183316651568770084e+00
1.770073656556128583e+01
2.485247178082612507e+01
-1.448840321543372056e+01
6.698206636367367572e+00
2.726074650708475389e+01
-1.498119549931357319e+01
5.508500820351470040e+00
2.726074650708475389e+01
2.720096108119947509e+00
1.572834629066440648e+01
2.726074650708475389e+01
1.443384485217395152e+00
1.589642856443861163e+01
2.726074650708475389e+01
-1.123762919995771270e+01
1.593732839429177339e+01
2.485247178082612507e+01
1.443384485217395152e+00
1.589642856443861163e+01
2.726074650708475389e+01
1.589642856443861163e+01
1.443384485217394708e+00
-2.726074650708475389e+01
1.572834629066440648e+01
2.720096108119947953e+00
-2.726074650708475389e+01
0.000000000000000000e+00
0.000000000000000000e+00
0.000000000000000000e+00
0.000000000000000000e+00
0.000000000000000000e+00
0.000000000000000000e+00
1.498119549931357142e+01
5.508500820351470040e+00
-2.726074650708475389e+01
1.830278955106481220e+01
-6.729832169725608715e+00
-2.485247178082612507e+01
0.000000000000000000e+00
0.000000000000000000e+00
0.000000000000000000e+00
0.000000000000000000e+00
0.000000000000000000e+00
0.000000000000000000e+00
9.198221904912260882e+00
-1.304501872993896150e+01
-2.726074650708475389e+01
-1.763408191654138424e+00
-1.942094585577252275e+01
-2.485247178082612507e+01
0.000000000000000000e+00
0.000000000000000000e+00
0.000000000000000000e+00
0.000000000000000000e+00
0.000000000000000000e+00
0.000000000000000000e+00
0.000000000000000000e+00
0.000000000000000000e+00
0.000000000000000000e+00
0.000000000000000000e+00
0.000000000000000000e+00
0.000000000000000000e+00
0.000000000000000000e+00
0.000000000000000000e+00
0.000000000000000000e+00
0.000000000000000000e+00
0.000000000000000000e+00
0.000000000000000000e+00
2.087239611835362663e+00
-2.834484358064381482e+01
1.378917594316718009e+01
8.183316651568770084e+00
-1.770073656556128583e+01
2.485247178082612507e+01
-6.698206636367367572e+00
-1.448840321543372056e+01
-2.726074650708475389e+01
1.856692983480312620e+01
-2.151873238176163738e+01
-1.378917594316718009e+01
-2.720096108119947509e+00
-1.572834629066440648e+01
2.726074650708475389e+01
-1.443384485217395152e+00
-1.589642856443861163e+01
2.726074650708475389e+01
1.123762919995771270e+01
-1.593732839429177339e+01
2.485247178082612507e+01
-1.443384485217395152e+00
-1.589642856443861163e+01
2.726074650708475389e+01
0.000000000000000000e+00
0.000000000000000000e+00
0.000000000000000000e+00
0.000000000000000000e+00
0.000000000000000000e+00
0.000000000000000000e+00
-1.589200973126351357e+01
-1.491250005160719816e+00
-2.726074650708475389e+01
-1.590341402724257236e+01
1.128557347507627640e+01
-2.485247178082612507e+01
0.000000000000000000e+00
0.000000000000000000e+00
0.000000000000000000e+00
0.000000000000000000e+00
0.000000000000000000e+00
0.000000000000000000e+00
-2.809736855008702960e+01
4.280725098503734394e+00
-1.378917594316718009e+01
-2.833842933162712185e+01
2.172590579183057535e+00
-1.378917594316718009e+01
0.000000000000000000e+00
0.000000000000000000e+00
0.000000000000000000e+00
0.000000000000000000e+00
0.000000000000000000e+00
0.000000000000000000e+00
-2.824790711397891840e+01
-3.137271185026690556e+00
-1.378917594316718009e+01
-2.793512857960858753e+01
-5.235963908309028803e+00
-1.378917594316718009e+01
0.000000000000000000e+00
0.000000000000000000e+00
0.000000000000000000e+00
0.000000000000000000e+00
0.000000000000000000e+00
0.000000000000000000e+00
-3.117572809916201848e+01
5.099223223895912760e+00
-0.000000000000000000e+00
-2.824790711397891840e+01
3.137271185026690556e+00
1.378917594316718009e+01
0.000000000000000000e+00
0.000000000000000000e+00
0.000000000000000000e+00
-1.496453873099315679e+01
5.553591670718309281e+00
2.726074650708475389e+01
-1.450850915083731962e+01
6.654544469498704373e+00
2.726074650708475389e+01
-1.496453873099315679e+01
5.553591670718309281e+00
2.726074650708475389e+01
0.000000000000000000e+00
0.000000000000000000e+00
3.158999999999999631e+01
0.000000000000000000e+00
0.000000000000000000e+00
3.158999999999999631e+01
0.000000000000000000e+00
0.000000000000000000e+00
3.158999999999999631e+01
0.000000000000000000e+00
0.000000000000000000e+00
3.158999999999999631e+01
1.589200973126351357e+01
1.491250005160719816e+00
-2.726074650708475389e+01
1.573646653342010460e+01
2.672717889904413724e+00
-2.726074650708475389e+01
-0.000000000000000000e+00
-0.000000000000000000e+00
-3.158999999999999631e+01
0.000000000000000000e+00
0.000000000000000000e+00
0.000000000000000000e+00
-0.000000000000000000e+00
-0.000000000000000000e+00
-3.158999999999999631e+01
6.654544469498703485e+00
-1.450850915083731962e+01
-2.726074650708475389e+01
0.000000000000000000e+00
0.000000000000000000e+00
0.000000000000000000e+00
0.000000000000000000e+00
0.000000000000000000e+00
0.000000000000000000e+00
-3.265306366688750295e+00
-1.922551743685727033e+01
-2.485247178082612507e+01
5.235963908309028803e+00
-2.793512857960858753e+01
-1.378917594316718009e+01
0.000000000000000000e+00
0.000000000000000000e+00
0.000000000000000000e+00
0.000000000000000000e+00
0.000000000000000000e+00
0.000000000000000000e+00
1.080997836539142121e+01
-2.968286488430267767e+01
-0.000000000000000000e+00
-3.137271185026690556e+00
-2.824790711397891840e+01
1.378917594316718009e+01
0.000000000000000000e+00
0.000000000000000000e+00
0.000000000000000000e+00
0.000000000000000000e+00
0.000000000000000000e+00
0.000000000000000000e+00
6.784920462006629904e+00
-1.828243968149450183e+01
2.485247178082612507e+01
8.129973824282215489e+00
-1.772530033595275967e+01
2.485247178082612507e+01
0.000000000000000000e+00
0.000000000000000000e+00
0.000000000000000000e+00
0.000000000000000000e+00
0.000000000000000000e+00
0.000000000000000000e+00
0.000000000000000000e+00
0.000000000000000000e+00
3.158999999999999631e+01
0.000000000000000000e+00
0.000000000000000000e+00
3.158999999999999631e+01
1.573646653342010460e+01
-2.672717889904413280e+00
2.726074650708475389e+01
0.000000000000000000e+00
0.000000000000000000e+00
3.158999999999999631e+01
-0.000000000000000000e+00
-0.000000000000000000e+00
-3.158999999999999631e+01
-0.000000000000000000e+00
-0.000000000000000000e+00
-3.158999999999999631e+01
-0.000000000000000000e+00
-0.000000000000000000e+00
-3.158999999999999631e+01
-1.593165115084122974e+01
-9.809645683536937222e-01
-2.726074650708475389e+01
-1.582526759027523156e+01
-2.083436001572991803e+00
-2.726074650708475389e+01
-1.625706851208779824e+01
1.076988717566365139e+01
-2.485247178082612507e+01
0.000000000000000000e+00
0.000000000000000000e+00
0.000000000000000000e+00
0.000000000000000000e+00
0.000000000000000000e+00
0.000000000000000000e+00
0.000000000000000000e+00
0.000000000000000000e+00
0.000000000000000000e+00
-1.745553013958341637e+01
8.694090747705356392e+00
-2.485247178082612507e+01
-1.801642660356897707e+01
7.462648244521048468e+00
-2.485247178082612507e+01
-1.849057425533400334e+01
6.195273205535039018e+00
-2.485247178082612507e+01
0.000000000000000000e+00
0.000000000000000000e+00
0.000000000000000000e+00
0.000000000000000000e+00
0.000000000000000000e+00
0.000000000000000000e+00
0.000000000000000000e+00
0.000000000000000000e+00
0.000000000000000000e+00
-1.911094363918669714e+01
3.880023144656546741e+00
-2.485247178082612507e+01
-2.606891503135808819e+01
1.132247304683087208e+01
-1.378917594316718009e+01
-2.679134871452831135e+01
9.487379030318209061e+00
-1.378917594316718009e+01
0.000000000000000000e+00
0.000000000000000000e+00
0.000000000000000000e+00
0.000000000000000000e+00
0.000000000000000000e+00
0.000000000000000000e+00
0.000000000000000000e+00
0.000000000000000000e+00
0.000000000000000000e+00
-2.775289532610518251e+01
6.128909187337368891e+00
-1.378917594316718009e+01
-3.134434660075782730e+01
3.931925249996621297e+00
-0.000000000000000000e+00
-2.833397002494713846e+01
2.229993146576108920e+00
1.378917594316718009e+01
0.000000000000000000e+00
0.000000000000000000e+00
0.000000000000000000e+00
0.000000000000000000e+00
0.000000000000000000e+00
0.000000000000000000e+00
-1.513490099325499294e+01
5.070953736806822043e+00
2.726074650708475389e+01
-1.849057425533400334e+01
-6.195273205535038130e+00
2.485247178082612507e+01
-1.801642660356897707e+01
-7.462648244521049357e+00
2.485247178082612507e+01
-1.745553013958341637e+01
-8.694090747705354616e+00
2.485247178082612507e+01
-1.564268561469072161e+01
3.175875727482739830e+00
2.726074650708475389e+01
0.000000000000000000e+00
0.000000000000000000e+00
3.158999999999999631e+01
0.000000000000000000e+00
0.000000000000000000e+00
3.158999999999999631e+01
-1.625706851208779824e+01
-1.076988717566364961e+01
2.485247178082612507e+01
-1.547105625991086697e+01
-1.187135900332871508e+01
2.485247178082612507e+01
-9.809645683536920568e-01
-1.593165115084122974e+01
2.726074650708475389e+01
-0.000000000000000000e+00
-0.000000000000000000e+00
-3.158999999999999631e+01
-0.000000000000000000e+00
-0.000000000000000000e+00
-3.158999999999999631e+01
-0.000000000000000000e+00
-0.000000000000000000e+00
-3.158999999999999631e+01
-0.000000000000000000e+00
-0.000000000000000000e+00
-3.158999999999999631e+01
0.000000000000000000e+00
0.000000000000000000e+00
0.000000000000000000e+00
0.000000000000000000e+00
0.000000000000000000e+00
0.000000000000000000e+00
-0.000000000000000000e+00
-0.000000000000000000e+00
-3.158999999999999631e+01
-7.462648244521048468e+00
-1.801642660356897707e+01
-2.485247178082612507e+01
-6.195273205535039018e+00
-1.849057425533400334e+01
-2.485247178082612507e+01
0.000000000000000000e+00
0.000000000000000000e+00
0.000000000000000000e+00
0.000000000000000000e+00
0.000000000000000000e+00
0.000000000000000000e+00
0.000000000000000000e+00
0.000000000000000000e+00
0.000000000000000000e+00
2.229993146576107144e+00
-2.833397002494714201e+01
-1.378917594316718009e+01
0.000000000000000000e+00
0.000000000000000000e+00
0.000000000000000000e+00
0.000000000000000000e+00
0.000000000000000000e+00
0.000000000000000000e+00
0.000000000000000000e+00
0.000000000000000000e+00
0.000000000000000000e+00
0.000000000000000000e+00
0.000000000000000000e+00
0.000000000000000000e+00
0.000000000000000000e+00
0.000000000000000000e+00
0.000000000000000000e+00
9.487379030318210837e+00
-2.679134871452830780e+01
1.378917594316718009e+01
0.000000000000000000e+00
0.000000000000000000e+00
0.000000000000000000e+00
3.880023144656544964e+00
-1.911094363918669714e+01
2.485247178082612507e+01
0.000000000000000000e+00
0.000000000000000000e+00
0.000000000000000000e+00
0.000000000000000000e+00
0.000000000000000000e+00
0.000000000000000000e+00
0.000000000000000000e+00
0.000000000000000000e+00
0.000000000000000000e+00
1.428769689875168503e+01
-7.116285351633079514e+00
2.726074650708475389e+01
0.000000000000000000e+00
0.000000000000000000e+00
3.158999999999999631e+01
0.000000000000000000e+00
0.000000000000000000e+00
3.158999999999999631e+01
0.000000000000000000e+00
0.000000000000000000e+00
0.000000000000000000e+00
0.000000000000000000e+00
0.000000000000000000e+00
0.000000000000000000e+00
0.000000000000000000e+00
0.000000000000000000e+00
0.000000000000000000e+00
0.000000000000000000e+00
0.000000000000000000e+00
3.158999999999999631e+01
0.000000000000000000e+00
0.000000000000000000e+00
3.158999999999999631e+01
0.000000000000000000e+00
0.000000000000000000e+00
3.158999999999999631e+01
1.564268561469072161e+01
-3.175875727482739830e+00
2.726074650708475389e+01
0.000000000000000000e+00
0.000000000000000000e+00
3.158999999999999631e+01
0.000000000000000000e+00
0.000000000000000000e+00
3.158999999999999631e+01
-0.000000000000000000e+00
-0.000000000000000000e+00
-3.158999999999999631e+01
-0.000000000000000000e+00
-0.000000000000000000e+00
-3.158999999999999631e+01
-0.000000000000000000e+00
-0.000000000000000000e+00
-3.158999999999999631e+01
-0.000000000000000000e+00
-0.000000000000000000e+00
-3.158999999999999631e+01
-0.000000000000000000e+00
-0.000000000000000000e+00
-3.158999999999999631e+01
-0.000000000000000000e+00
-0.000000000000000000e+00
-3.158999999999999631e+01
0.000000000000000000e+00
0.000000000000000000e+00
0.000000000000000000e+00
0.000000000000000000e+00
0.000000000000000000e+00
0.000000000000000000e+00
0.000000000000000000e+00
0.000000000000000000e+00
0.000000000000000000e+00
-5.138978702297496426e+00
1.511193891510281340e+01
-2.726074650708475389e+01
-6.108325295172993386e+00
1.474680175376396107e+01
-2.726074650708475389e+01
-1.846252107866902392e+01
6.278380507976797809e+00
-2.485247178082612507e+01
0.000000000000000000e+00
0.000000000000000000e+00
0.000000000000000000e+00
0.000000000000000000e+00
0.000000000000000000e+00
0.000000000000000000e+00
0.000000000000000000e+00
0.000000000000000000e+00
0.000000000000000000e+00
-1.912820252303182400e+01
3.794023539874263218e+00
-2.485247178082612507e+01
-1.933400724804811333e+01
2.545370329768136930e+00
-2.485247178082612507e+01
-1.945839037687257544e+01
1.285997793339384909e+00
-2.485247178082612507e+01
0.000000000000000000e+00
0.000000000000000000e+00
0.000000000000000000e+00
0.000000000000000000e+00
0.000000000000000000e+00
0.000000000000000000e+00
0.000000000000000000e+00
0.000000000000000000e+00
0.000000000000000000e+00
-2.778018220272893046e+01
6.004015622195057134e+00
-1.378917594316718009e+01
0.000000000000000000e+00
0.000000000000000000e+00
0.000000000000000000e+00
0.000000000000000000e+00
0.000000000000000000e+00
0.000000000000000000e+00
0.000000000000000000e+00
0.000000000000000000e+00
0.000000000000000000e+00
0.000000000000000000e+00
0.000000000000000000e+00
0.000000000000000000e+00
0.000000000000000000e+00
0.000000000000000000e+00
0.000000000000000000e+00
-2.838754903797576290e+01
-1.390606495346794258e+00
1.378917594316718009e+01
-1.801642660658912476e+01
-7.462648237229760007e+00
2.485247178082612507e+01
-1.749445928158816344e+01
-8.615488426554517076e+00
2.485247178082612507e+01
-1.620846149100254863e+01
-1.084290193988345941e+01
2.485247178082612507e+01
-2.083436004123721208e+00
-1.582526758993942195e+01
2.726074650708475389e+01
-1.052614642046744597e+00
-1.592707764443354534e+01
2.726074650708475389e+01
-1.620846149100254863e+01
-1.084290193988345941e+01
2.485247178082612507e+01
-2.083436004123721208e+00
-1.582526758993942195e+01
2.726074650708475389e+01
-1.052614642046744597e+00
-1.592707764443354534e+01
2.726074650708475389e+01
-0.000000000000000000e+00
-0.000000000000000000e+00
-3.158999999999999631e+01
-0.000000000000000000e+00
-0.000000000000000000e+00
-3.158999999999999631e+01
-1.565681235011845551e+01
-3.105483361675639209e+00
-2.726074650708475389e+01
0.000000000000000000e+00
0.000000000000000000e+00
0.000000000000000000e+00
0.000000000000000000e+00
0.000000000000000000e+00
0.000000000000000000e+00
0.000000000000000000e+00
0.000000000000000000e+00
0.000000000000000000e+00
-8.615488426554518853e+00
-1.749445928158815988e+01
-2.485247178082612507e+01
-1.768380082201133163e+01
-2.225016663523692628e+01
-1.378917594316718009e+01
0.000000000000000000e+00
0.000000000000000000e+00
0.000000000000000000e+00
0.000000000000000000e+00
0.000000000000000000e+00
0.000000000000000000e+00
0.000000000000000000e+00
0.000000000000000000e+00
0.000000000000000000e+00
0.000000000000000000e+00
0.000000000000000000e+00
0.000000000000000000e+00
0.000000000000000000e+00
0.000000000000000000e+00
0.000000000000000000e+00
0.000000000000000000e+00
0.000000000000000000e+00
0.000000000000000000e+00
0.000000000000000000e+00
0.000000000000000000e+00
0.000000000000000000e+00
0.000000000000000000e+00
0.000000000000000000e+00
0.000000000000000000e+00
0.000000000000000000e+00
0.000000000000000000e+00
0.000000000000000000e+00
0.000000000000000000e+00
0.000000000000000000e+00
0.000000000000000000e+00
0.000000000000000000e+00
0.000000000000000000e+00
0.000000000000000000e+00
0.000000000000000000e+00
0.000000000000000000e+00
0.000000000000000000e+00
0.000000000000000000e+00
0.000000000000000000e+00
0.000000000000000000e+00
0.000000000000000000e+00
0.000000000000000000e+00
0.000000000000000000e+00
0.000000000000000000e+00
0.000000000000000000e+00
0.000000000000000000e+00
0.000000000000000000e+00
0.000000000000000000e+00
0.000000000000000000e+00
0.000000000000000000e+00
0.000000000000000000e+00
0.000000000000000000e+00
1.801642660658912476e+01
7.462648237229760007e+00
2.485247178082612507e+01
5.138978702297497314e+00
1.511193891510281340e+01
2.726074650708475389e+01
0.000000000000000000e+00
0.000000000000000000e+00
0.000000000000000000e+00
0.000000000000000000e+00
0.000000000000000000e+00
0.000000000000000000e+00
0.000000000000000000e+00
0.000000000000000000e+00
0.000000000000000000e+00
3.105483361675640541e+00
1.565681235011845551e+01
2.726074650708475389e+01
2.083436004123721208e+00
1.582526758993942195e+01
2.726074650708475389e+01
1.052614642046744597e+00
1.592707764443354534e+01
2.726074650708475389e+01
0.000000000000000000e+00
0.000000000000000000e+00
0.000000000000000000e+00
1.547105626182430171e+01
1.187135900083507600e+01
2.485247178082612507e+01
1.052614642046744597e+00
1.592707764443354534e+01
2.726074650708475389e+01
0.000000000000000000e+00
0.000000000000000000e+00
0.000000000000000000e+00
0.000000000000000000e+00
0.000000000000000000e+00
0.000000000000000000e+00
0.000000000000000000e+00
0.000000000000000000e+00
0.000000000000000000e+00
1.592279431928243483e+01
1.115536168079303447e+00
-2.726074650708475389e+01
-0.000000000000000000e+00
-0.000000000000000000e+00
-3.158999999999999631e+01
-0.000000000000000000e+00
-0.000000000000000000e+00
-3.158999999999999631e+01
0.000000000000000000e+00
0.000000000000000000e+00
0.000000000000000000e+00
0.000000000000000000e+00
0.000000000000000000e+00
0.000000000000000000e+00
0.000000000000000000e+00
0.000000000000000000e+00
0.000000000000000000e+00
-0.000000000000000000e+00
-0.000000000000000000e+00
-3.158999999999999631e+01
-6.108325284442780223e+00
1.474680175820856043e+01
-2.726074650708475389e+01
-6.995314494545168849e+00
1.434731246606389021e+01
-2.726074650708475389e+01
0.000000000000000000e+00
0.000000000000000000e+00
0.000000000000000000e+00
0.000000000000000000e+00
0.000000000000000000e+00
0.000000000000000000e+00
0.000000000000000000e+00
0.000000000000000000e+00
0.000000000000000000e+00
-8.927479819125990090e+00
1.323177629630898444e+01
-2.726074650708475389e+01
-9.716942295097082294e+00
1.266336575757880745e+01
-2.726074650708475389e+01
-1.047031265338776862e+01
1.204791902432839379e+01
-2.726074650708475389e+01
0.000000000000000000e+00
0.000000000000000000e+00
0.000000000000000000e+00
0.000000000000000000e+00
0.000000000000000000e+00
0.000000000000000000e+00
0.000000000000000000e+00
0.000000000000000000e+00
0.000000000000000000e+00
0.000000000000000000e+00
0.000000000000000000e+00
0.000000000000000000e+00
0.000000000000000000e+00
0.000000000000000000e+00
0.000000000000000000e+00
0.000000000000000000e+00
0.000000000000000000e+00
0.000000000000000000e+00
0.000000000000000000e+00
0.000000000000000000e+00
0.000000000000000000e+00
0.000000000000000000e+00
0.000000000000000000e+00
0.000000000000000000e+00
0.000000000000000000e+00
0.000000000000000000e+00
0.000000000000000000e+00
0.000000000000000000e+00
0.000000000000000000e+00
0.000000000000000000e+00
-1.801642660115907546e+01
-7.462648250339051437e+00
2.485247178082612507e+01
-1.752836352782234286e+01
-8.546298521567591067e+00
2.485247178082612507e+01
-3.043597223839574983e+00
-1.566896026593666669e+01
2.726074650708475389e+01
-2.083436006363101001e+00
-1.582526758964460001e+01
2.726074650708475389e+01
-1.115536168079303447e+00
-1.592279431928243483e+01
2.726074650708475389e+01
-1.616549339857979461e+01
-1.090685883119947519e+01
2.485247178082612507e+01
-2.083436006363101001e+00
-1.582526758964460001e+01
2.726074650708475389e+01
-1.115536168079303447e+00
-1.592279431928243483e+01
2.726074650708475389e+01
-1.592279431928243483e+01
-1.115536168079303447e+00
-2.726074650708475389e+01
-1.582526758964460001e+01
-2.083436006363102777e+00
-2.726074650708475389e+01
-1.090685883119947519e+01
-1.616549339857979461e+01
-2.485247178082612507e+01
0.000000000000000000e+00
0.000000000000000000e+00
0.000000000000000000e+00
0.000000000000000000e+00
0.000000000000000000e+00
0.000000000000000000e+00
0.000000000000000000e+00
0.000000000000000000e+00
0.000000000000000000e+00
0.000000000000000000e+00
0.000000000000000000e+00
0.000000000000000000e+00
0.000000000000000000e+00
0.000000000000000000e+00
0.000000000000000000e+00
0.000000000000000000e+00
0.000000000000000000e+00
0.000000000000000000e+00
0.000000000000000000e+00
0.000000000000000000e+00
0.000000000000000000e+00
0.000000000000000000e+00
0.000000000000000000e+00
0.000000000000000000e+00
0.000000000000000000e+00
0.000000000000000000e+00
0.000000000000000000e+00
0.000000000000000000e+00
0.000000000000000000e+00
0.000000000000000000e+00
0.000000000000000000e+00
0.000000000000000000e+00
0.000000000000000000e+00
0.000000000000000000e+00
0.000000000000000000e+00
0.000000000000000000e+00
0.000000000000000000e+00
0.000000000000000000e+00
0.000000000000000000e+00
0.000000000000000000e+00
0.000000000000000000e+00
0.000000000000000000e+00
0.000000000000000000e+00
0.000000000000000000e+00
0.000000000000000000e+00
0.000000000000000000e+00
0.000000000000000000e+00
0.000000000000000000e+00
0.000000000000000000e+00
0.000000000000000000e+00
0.000000000000000000e+00
0.000000000000000000e+00
0.000000000000000000e+00
0.000000000000000000e+00
0.000000000000000000e+00
0.000000000000000000e+00
0.000000000000000000e+00
0.000000000000000000e+00
0.000000000000000000e+00
0.000000000000000000e+00
0.000000000000000000e+00
0.000000000000000000e+00
0.000000000000000000e+00
0.000000000000000000e+00
0.000000000000000000e+00
0.000000000000000000e+00
0.000000000000000000e+00
0.000000000000000000e+00
0.000000000000000000e+00
0.000000000000000000e+00
0.000000000000000000e+00
0.000000000000000000e+00
0.000000000000000000e+00
0.000000000000000000e+00
0.000000000000000000e+00
0.000000000000000000e+00
0.000000000000000000e+00
0.000000000000000000e+00
0.000000000000000000e+00
0.000000000000000000e+00
0.000000000000000000e+00
3.043597223839574983e+00
1.566896026593666669e+01
2.726074650708475389e+01
2.083436006363101001e+00
1.582526758964460001e+01
2.726074650708475389e+01
1.115536168079303447e+00
1.592279431928243483e+01
2.726074650708475389e+01
0.000000000000000000e+00
0.000000000000000000e+00
0.000000000000000000e+00
0.000000000000000000e+00
0.000000000000000000e+00
0.000000000000000000e+00
0.000000000000000000e+00
0.000000000000000000e+00
0.000000000000000000e+00
0.000000000000000000e+00
0.000000000000000000e+00
0.000000000000000000e+00
0.000000000000000000e+00
0.000000000000000000e+00
0.000000000000000000e+00
0.000000000000000000e+00
0.000000000000000000e+00
0.000000000000000000e+00
1.591879455192401061e+01
1.171230075647175406e+00
-2.726074650708475389e+01
1.582526759028610819e+01
2.083436001490364120e+00
-2.726074650708475389e+01
1.567951143087185528e+01
2.988765826495085154e+00
-2.726074650708475389e+01
0.000000000000000000e+00
0.000000000000000000e+00
0.000000000000000000e+00
0.000000000000000000e+00
0.000000000000000000e+00
0.000000000000000000e+00
0.000000000000000000e+00
0.000000000000000000e+00
0.000000000000000000e+00
1.507323813466608975e+01
5.251408574098379134e+00
-2.726074650708475389e+01
1.474680175590743403e+01
6.108325289998194130e+00
-2.726074650708475389e+01
1.437169551184202909e+01
6.945082288307731666e+00
-2.726074650708475389e+01
0.000000000000000000e+00
0.000000000000000000e+00
0.000000000000000000e+00
0.000000000000000000e+00
0.000000000000000000e+00
0.000000000000000000e+00
0.000000000000000000e+00
0.000000000000000000e+00
0.000000000000000000e+00
3.651427672349405906e+00
1.915593438955254868e+01
-2.485247178082612507e+01
2.545370341497626310e+00
1.933400724650389790e+01
-2.485247178082612507e+01
0.000000000000000000e+00
0.000000000000000000e+00
0.000000000000000000e+00
0.000000000000000000e+00
0.000000000000000000e+00
0.000000000000000000e+00
0.000000000000000000e+00
0.000000000000000000e+00
0.000000000000000000e+00
0.000000000000000000e+00
0.000000000000000000e+00
0.000000000000000000e+00
0.000000000000000000e+00
0.000000000000000000e+00
0.000000000000000000e+00
0.000000000000000000e+00
0.000000000000000000e+00
0.000000000000000000e+00
0.000000000000000000e+00
0.000000000000000000e+00
0.000000000000000000e+00
0.000000000000000000e+00
0.000000000000000000e+00
0.000000000000000000e+00
0.000000000000000000e+00
0.000000000000000000e+00
0.000000000000000000e+00
0.000000000000000000e+00
0.000000000000000000e+00
0.000000000000000000e+00
0.000000000000000000e+00
0.000000000000000000e+00
0.000000000000000000e+00
0.000000000000000000e+00
0.000000000000000000e+00
0.000000000000000000e+00
0.000000000000000000e+00
0.000000000000000000e+00
0.000000000000000000e+00
0.000000000000000000e+00
0.000000000000000000e+00
0.000000000000000000e+00
0.000000000000000000e+00
0.000000000000000000e+00
0.000000000000000000e+00
0.000000000000000000e+00
0.000000000000000000e+00
0.000000000000000000e+00
-5.104428644703684625e+00
-2.677859421879091428e+01
1.596182320026337287e+01
-3.558241435691754440e+00
-2.702752704205214584e+01
1.596182320026337287e+01
-2.000310728486486056e+00
-2.718725909526437334e+01
1.596182320026337287e+01
-2.718725909526437334e+01
-2.000310728486488276e+00
-1.596182320026337287e+01
0.000000000000000000e+00
0.000000000000000000e+00
0.000000000000000000e+00
0.000000000000000000e+00
0.000000000000000000e+00
0.000000000000000000e+00
0.000000000000000000e+00
0.000000000000000000e+00
0.000000000000000000e+00
0.000000000000000000e+00
0.000000000000000000e+00
0.000000000000000000e+00
0.000000000000000000e+00
0.000000000000000000e+00
0.000000000000000000e+00
0.000000000000000000e+00
0.000000000000000000e+00
0.000000000000000000e+00
0.000000000000000000e+00
0.000000000000000000e+00
0.000000000000000000e+00
0.000000000000000000e+00
0.000000000000000000e+00
0.000000000000000000e+00
0.000000000000000000e+00
0.000000000000000000e+00
0.000000000000000000e+00
0.000000000000000000e+00
0.000000000000000000e+00
0.000000000000000000e+00
0.000000000000000000e+00
0.000000000000000000e+00
0.000000000000000000e+00
-1.320046543741673339e+01
-8.973712281549497405e+00
-2.726074650708475389e+01
0.000000000000000000e+00
0.000000000000000000e+00
0.000000000000000000e+00
0.000000000000000000e+00
0.000000000000000000e+00
0.000000000000000000e+00
0.000000000000000000e+00
0.000000000000000000e+00
0.000000000000000000e+00
0.000000000000000000e+00
0.000000000000000000e+00
0.000000000000000000e+00
0.000000000000000000e+00
0.000000000000000000e+00
0.000000000000000000e+00
0.000000000000000000e+00
0.000000000000000000e+00
0.000000000000000000e+00
0.000000000000000000e+00
0.000000000000000000e+00
0.000000000000000000e+00
0.000000000000000000e+00
0.000000000000000000e+00
0.000000000000000000e+00
0.000000000000000000e+00
0.000000000000000000e+00
0.000000000000000000e+00
0.000000000000000000e+00
0.000000000000000000e+00
0.000000000000000000e+00
0.000000000000000000e+00
0.000000000000000000e+00
0.000000000000000000e+00
0.000000000000000000e+00
0.000000000000000000e+00
0.000000000000000000e+00
0.000000000000000000e+00
0.000000000000000000e+00
0.000000000000000000e+00
0.000000000000000000e+00
0.000000000000000000e+00
0.000000000000000000e+00
0.000000000000000000e+00
0.000000000000000000e+00
0.000000000000000000e+00
0.000000000000000000e+00
0.000000000000000000e+00
0.000000000000000000e+00
0.000000000000000000e+00
0.000000000000000000e+00
0.000000000000000000e+00
0.000000000000000000e+00
0.000000000000000000e+00
0.000000000000000000e+00
0.000000000000000000e+00
0.000000000000000000e+00
0.000000000000000000e+00
2.000310728486486056e+00
2.718725909526437334e+01
1.596182320026337287e+01
0.000000000000000000e+00
0.000000000000000000e+00
0.000000000000000000e+00
0.000000000000000000e+00
0.000000000000000000e+00
0.000000000000000000e+00
0.000000000000000000e+00
0.000000000000000000e+00
0.000000000000000000e+00
0.000000000000000000e+00
0.000000000000000000e+00
0.000000000000000000e+00
0.000000000000000000e+00
0.000000000000000000e+00
0.000000000000000000e+00
0.000000000000000000e+00
0.000000000000000000e+00
0.000000000000000000e+00
0.000000000000000000e+00
0.000000000000000000e+00
0.000000000000000000e+00
0.000000000000000000e+00
0.000000000000000000e+00
0.000000000000000000e+00
0.000000000000000000e+00
0.000000000000000000e+00
0.000000000000000000e+00
0.000000000000000000e+00
0.000000000000000000e+00
0.000000000000000000e+00
0.000000000000000000e+00
0.000000000000000000e+00
0.000000000000000000e+00
0.000000000000000000e+00
0.000000000000000000e+00
0.000000000000000000e+00
0.000000000000000000e+00
0.000000000000000000e+00
0.000000000000000000e+00
0.000000000000000000e+00
0.000000000000000000e+00
0.000000000000000000e+00
0.000000000000000000e+00
0.000000000000000000e+00
0.000000000000000000e+00
0.000000000000000000e+00
0.000000000000000000e+00
0.000000000000000000e+00
0.000000000000000000e+00
0.000000000000000000e+00
0.000000000000000000e+00
0.000000000000000000e+00
0.000000000000000000e+00
0.000000000000000000e+00
0.000000000000000000e+00
0.000000000000000000e+00
0.000000000000000000e+00
0.000000000000000000e+00
0.000000000000000000e+00
0.000000000000000000e+00
0.000000000000000000e+00
0.000000000000000000e+00
0.000000000000000000e+00
0.000000000000000000e+00
0.000000000000000000e+00
0.000000000000000000e+00
0.000000000000000000e+00
0.000000000000000000e+00
0.000000000000000000e+00
0.000000000000000000e+00
0.000000000000000000e+00
0.000000000000000000e+00
0.000000000000000000e+00
0.000000000000000000e+00
0.000000000000000000e+00
0.000000000000000000e+00
0.000000000000000000e+00
0.000000000000000000e+00
0.000000000000000000e+00
0.000000000000000000e+00
0.000000000000000000e+00
0.000000000000000000e+00
0.000000000000000000e+00
0.000000000000000000e+00
0.000000000000000000e+00
0.000000000000000000e+00
0.000000000000000000e+00
0.000000000000000000e+00
0.000000000000000000e+00
0.000000000000000000e+00
0.000000000000000000e+00
0.000000000000000000e+00
0.000000000000000000e+00
0.000000000000000000e+00
0.000000000000000000e+00
0.000000000000000000e+00
0.000000000000000000e+00
0.000000000000000000e+00
0.000000000000000000e+00
0.000000000000000000e+00
0.000000000000000000e+00
0.000000000000000000e+00
0.000000000000000000e+00
0.000000000000000000e+00
0.000000000000000000e+00
0.000000000000000000e+00
0.000000000000000000e+00
0.000000000000000000e+00
0.000000000000000000e+00
0.000000000000000000e+00
0.000000000000000000e+00
0.000000000000000000e+00
0.000000000000000000e+00
0.000000000000000000e+00
0.000000000000000000e+00
0.000000000000000000e+00
0.000000000000000000e+00
0.000000000000000000e+00
0.000000000000000000e+00
0.000000000000000000e+00
0.000000000000000000e+00
0.000000000000000000e+00
0.000000000000000000e+00
0.000000000000000000e+00
0.000000000000000000e+00
0.000000000000000000e+00
0.000000000000000000e+00
0.000000000000000000e+00
0.000000000000000000e+00
0.000000000000000000e+00
0.000000000000000000e+00
0.000000000000000000e+00
0.000000000000000000e+00
0.000000000000000000e+00
0.000000000000000000e+00
0.000000000000000000e+00
0.000000000000000000e+00
0.000000000000000000e+00
0.000000000000000000e+00
0.000000000000000000e+00
0.000000000000000000e+00
0.000000000000000000e+00
0.000000000000000000e+00
0.000000000000000000e+00
0.000000000000000000e+00
0.000000000000000000e+00
0.000000000000000000e+00
0.000000000000000000e+00
0.000000000000000000e+00
0.000000000000000000e+00
0.000000000000000000e+00
0.000000000000000000e+00
0.000000000000000000e+00
0.000000000000000000e+00
0.000000000000000000e+00
0.000000000000000000e+00
0.000000000000000000e+00
0.000000000000000000e+00
0.000000000000000000e+00
0.000000000000000000e+00
0.000000000000000000e+00
0.000000000000000000e+00
0.000000000000000000e+00
0.000000000000000000e+00
0.000000000000000000e+00
0.000000000000000000e+00
0.000000000000000000e+00
0.000000000000000000e+00
0.000000000000000000e+00
0.000000000000000000e+00
0.000000000000000000e+00
0.000000000000000000e+00
0.000000000000000000e+00
0.000000000000000000e+00
0.000000000000000000e+00
0.000000000000000000e+00
0.000000000000000000e+00
0.000000000000000000e+00
0.000000000000000000e+00
0.000000000000000000e+00
0.000000000000000000e+00
0.000000000000000000e+00
0.000000000000000000e+00
0.000000000000000000e+00
0.000000000000000000e+00
0.000000000000000000e+00
0.000000000000000000e+00
0.000000000000000000e+00
0.000000000000000000e+00
0.000000000000000000e+00
0.000000000000000000e+00
0.000000000000000000e+00
0.000000000000000000e+00
0.000000000000000000e+00
0.000000000000000000e+00
0.000000000000000000e+00
0.000000000000000000e+00
0.000000000000000000e+00
0.000000000000000000e+00
0.000000000000000000e+00
0.000000000000000000e+00
0.000000000000000000e+00
0.000000000000000000e+00
0.000000000000000000e+00
0.000000000000000000e+00
0.000000000000000000e+00
0.000000000000000000e+00
0.000000000000000000e+00
0.000000000000000000e+00
0.000000000000000000e+00
0.000000000000000000e+00
0.000000000000000000e+00
0.000000000000000000e+00
0.000000000000000000e+00
0.000000000000000000e+00
0.000000000000000000e+00
0.000000000000000000e+00
0.000000000000000000e+00
0.000000000000000000e+00
0.000000000000000000e+00
0.000000000000000000e+00
0.000000000000000000e+00
0.000000000000000000e+00
0.000000000000000000e+00
0.000000000000000000e+00
0.000000000000000000e+00
0.000000000000000000e+00
0.000000000000000000e+00
0.000000000000000000e+00
0.000000000000000000e+00
0.000000000000000000e+00
0.000000000000000000e+00
0.000000000000000000e+00
0.000000000000000000e+00
0.000000000000000000e+00
0.000000000000000000e+00
0.000000000000000000e+00
0.000000000000000000e+00
0.000000000000000000e+00
0.000000000000000000e+00
2.711028777414921720e+01
2.860174282513072264e+00
1.596182320026337287e+01
2.692679469618256860e+01
4.253942584611120736e+00
1.596182320026337287e+01
2.667246539193919830e+01
5.632751551359183928e+00
1.596182320026337287e+01
0.000000000000000000e+00
0.000000000000000000e+00
0.000000000000000000e+00
2.948735605946073690e+01
1.133242836388494901e+01
0.000000000000000000e+00
0.000000000000000000e+00
0.000000000000000000e+00
0.000000000000000000e+00
2.816573464478230804e+01
1.430452697294493802e+01
0.000000000000000000e+00
3.003100999022788642e+01
9.801353935392432604e+00
0.000000000000000000e+00
2.948735605946073690e+01
1.133242836388494901e+01
0.000000000000000000e+00
2.886394636580811479e+01
1.283747250013616892e+01
0.000000000000000000e+00
2.816573464478230804e+01
1.430452697294493802e+01
0.000000000000000000e+00
0.000000000000000000e+00
0.000000000000000000e+00
0.000000000000000000e+00
0.000000000000000000e+00
0.000000000000000000e+00
0.000000000000000000e+00
0.000000000000000000e+00
0.000000000000000000e+00
0.000000000000000000e+00
0.000000000000000000e+00
0.000000000000000000e+00
0.000000000000000000e+00
2.647095106837177880e+01
1.723997823478518043e+01
0.000000000000000000e+00
1.199087576349632656e+01
2.576830660390348271e+01
-1.378917594316718009e+01
1.064654163204848381e+01
2.635218924653960926e+01
-1.378917594316718009e+01
9.617723205150451093e+00
3.009032237030886847e+01
0.000000000000000000e+00
0.000000000000000000e+00
0.000000000000000000e+00
0.000000000000000000e+00
0.000000000000000000e+00
0.000000000000000000e+00
0.000000000000000000e+00
0.000000000000000000e+00
0.000000000000000000e+00
0.000000000000000000e+00
0.000000000000000000e+00
0.000000000000000000e+00
0.000000000000000000e+00
0.000000000000000000e+00
0.000000000000000000e+00
0.000000000000000000e+00
0.000000000000000000e+00
0.000000000000000000e+00
0.000000000000000000e+00
0.000000000000000000e+00
0.000000000000000000e+00
0.000000000000000000e+00
0.000000000000000000e+00
0.000000000000000000e+00
0.000000000000000000e+00
0.000000000000000000e+00
0.000000000000000000e+00
0.000000000000000000e+00
0.000000000000000000e+00
0.000000000000000000e+00
0.000000000000000000e+00
0.000000000000000000e+00
0.000000000000000000e+00
0.000000000000000000e+00
0.000000000000000000e+00
0.000000000000000000e+00
0.000000000000000000e+00
0.000000000000000000e+00
0.000000000000000000e+00
0.000000000000000000e+00
0.000000000000000000e+00
0.000000000000000000e+00
0.000000000000000000e+00
0.000000000000000000e+00
0.000000000000000000e+00
0.000000000000000000e+00
-8.458126782492898954e+00
-2.591540837908617689e+01
1.596182320026337287e+01
0.000000000000000000e+00
0.000000000000000000e+00
0.000000000000000000e+00
0.000000000000000000e+00
0.000000000000000000e+00
0.000000000000000000e+00
0.000000000000000000e+00
0.000000000000000000e+00
0.000000000000000000e+00
0.000000000000000000e+00
0.000000000000000000e+00
0.000000000000000000e+00
-5.632751551359183928e+00
-2.667246539193919830e+01
1.596182320026337287e+01
-4.929507202340951189e+00
-3.120301361634911785e+01
-0.000000000000000000e+00
-3.314395868106778664e+00
-3.141564705731009610e+01
-0.000000000000000000e+00
1.447631370678347373e+01
-2.807782828964506550e+01
-0.000000000000000000e+00
0.000000000000000000e+00
0.000000000000000000e+00
0.000000000000000000e+00
0.000000000000000000e+00
0.000000000000000000e+00
0.000000000000000000e+00
0.000000000000000000e+00
0.000000000000000000e+00
0.000000000000000000e+00
-2.667246539193919830e+01
-5.632751551359183928e+00
1.596182320026337287e+01
0.000000000000000000e+00
0.000000000000000000e+00
0.000000000000000000e+00
0.000000000000000000e+00
0.000000000000000000e+00
0.000000000000000000e+00
0.000000000000000000e+00
0.000000000000000000e+00
0.000000000000000000e+00
0.000000000000000000e+00
0.000000000000000000e+00
0.000000000000000000e+00
0.000000000000000000e+00
0.000000000000000000e+00
0.000000000000000000e+00
-2.544625953469796897e+01
-9.779375021765268627e+00
1.596182320026337287e+01
0.000000000000000000e+00
0.000000000000000000e+00
0.000000000000000000e+00
-2.430575980807931558e+01
-1.234416219415031435e+01
1.596182320026337287e+01
0.000000000000000000e+00
0.000000000000000000e+00
0.000000000000000000e+00
0.000000000000000000e+00
0.000000000000000000e+00
0.000000000000000000e+00
0.000000000000000000e+00
0.000000000000000000e+00
0.000000000000000000e+00
0.000000000000000000e+00
0.000000000000000000e+00
0.000000000000000000e+00
0.000000000000000000e+00
0.000000000000000000e+00
0.000000000000000000e+00
0.000000000000000000e+00
0.000000000000000000e+00
0.000000000000000000e+00
0.000000000000000000e+00
0.000000000000000000e+00
0.000000000000000000e+00
0.000000000000000000e+00
0.000000000000000000e+00
0.000000000000000000e+00
0.000000000000000000e+00
0.000000000000000000e+00
0.000000000000000000e+00
0.000000000000000000e+00
0.000000000000000000e+00
0.000000000000000000e+00
0.000000000000000000e+00
0.000000000000000000e+00
0.000000000000000000e+00
0.000000000000000000e+00
0.000000000000000000e+00
0.000000000000000000e+00
0.000000000000000000e+00
0.000000000000000000e+00
0.000000000000000000e+00
0.000000000000000000e+00
0.000000000000000000e+00
0.000000000000000000e+00
0.000000000000000000e+00
0.000000000000000000e+00
0.000000000000000000e+00
0.000000000000000000e+00
0.000000000000000000e+00
0.000000000000000000e+00
0.000000000000000000e+00
0.000000000000000000e+00
0.000000000000000000e+00
0.000000000000000000e+00
0.000000000000000000e+00
0.000000000000000000e+00
0.000000000000000000e+00
0.000000000000000000e+00
0.000000000000000000e+00
0.000000000000000000e+00
0.000000000000000000e+00
0.000000000000000000e+00
0.000000000000000000e+00
0.000000000000000000e+00
0.000000000000000000e+00
0.000000000000000000e+00
0.000000000000000000e+00
0.000000000000000000e+00
0.000000000000000000e+00
0.000000000000000000e+00
0.000000000000000000e+00
0.000000000000000000e+00
0.000000000000000000e+00
0.000000000000000000e+00
0.000000000000000000e+00
0.000000000000000000e+00
0.000000000000000000e+00
0.000000000000000000e+00
0.000000000000000000e+00
0.000000000000000000e+00
0.000000000000000000e+00
0.000000000000000000e+00
0.000000000000000000e+00
0.000000000000000000e+00
0.000000000000000000e+00
0.000000000000000000e+00
0.000000000000000000e+00
0.000000000000000000e+00
0.000000000000000000e+00
0.000000000000000000e+00
0.000000000000000000e+00
0.000000000000000000e+00
0.000000000000000000e+00
0.000000000000000000e+00
0.000000000000000000e+00
0.000000000000000000e+00
0.000000000000000000e+00
0.000000000000000000e+00
0.000000000000000000e+00
0.000000000000000000e+00
0.000000000000000000e+00
0.000000000000000000e+00
0.000000000000000000e+00
0.000000000000000000e+00
0.000000000000000000e+00
0.000000000000000000e+00
0.000000000000000000e+00
0.000000000000000000e+00
0.000000000000000000e+00
0.000000000000000000e+00
0.000000000000000000e+00
0.000000000000000000e+00
0.000000000000000000e+00
0.000000000000000000e+00
0.000000000000000000e+00
0.000000000000000000e+00
0.000000000000000000e+00
0.000000000000000000e+00
0.000000000000000000e+00
0.000000000000000000e+00
0.000000000000000000e+00
0.000000000000000000e+00
0.000000000000000000e+00
0.000000000000000000e+00
0.000000000000000000e+00
0.000000000000000000e+00
0.000000000000000000e+00
0.000000000000000000e+00
0.000000000000000000e+00
0.000000000000000000e+00
0.000000000000000000e+00
0.000000000000000000e+00
0.000000000000000000e+00
0.000000000000000000e+00
0.000000000000000000e+00
0.000000000000000000e+00
0.000000000000000000e+00
0.000000000000000000e+00
0.000000000000000000e+00
0.000000000000000000e+00
0.000000000000000000e+00
0.000000000000000000e+00
0.000000000000000000e+00
0.000000000000000000e+00
0.000000000000000000e+00
0.000000000000000000e+00
0.000000000000000000e+00
0.000000000000000000e+00
0.000000000000000000e+00
0.000000000000000000e+00
0.000000000000000000e+00
0.000000000000000000e+00
0.000000000000000000e+00
0.000000000000000000e+00
0.000000000000000000e+00
0.000000000000000000e+00
0.000000000000000000e+00
0.000000000000000000e+00
0.000000000000000000e+00
0.000000000000000000e+00
0.000000000000000000e+00
0.000000000000000000e+00
0.000000000000000000e+00
0.000000000000000000e+00
0.000000000000000000e+00
0.000000000000000000e+00
0.000000000000000000e+00
0.000000000000000000e+00
0.000000000000000000e+00
0.000000000000000000e+00
0.000000000000000000e+00
0.000000000000000000e+00
0.000000000000000000e+00
0.000000000000000000e+00
0.000000000000000000e+00
0.000000000000000000e+00
0.000000000000000000e+00
0.000000000000000000e+00
0.000000000000000000e+00
0.000000000000000000e+00
0.000000000000000000e+00
0.000000000000000000e+00
0.000000000000000000e+00
0.000000000000000000e+00
0.000000000000000000e+00
0.000000000000000000e+00
0.000000000000000000e+00
0.000000000000000000e+00
0.000000000000000000e+00
0.000000000000000000e+00
0.000000000000000000e+00
0.000000000000000000e+00
0.000000000000000000e+00
0.000000000000000000e+00
0.000000000000000000e+00
0.000000000000000000e+00
0.000000000000000000e+00
0.000000000000000000e+00
0.000000000000000000e+00
0.000000000000000000e+00
0.000000000000000000e+00
0.000000000000000000e+00
0.000000000000000000e+00
0.000000000000000000e+00
0.000000000000000000e+00
0.000000000000000000e+00
0.000000000000000000e+00
0.000000000000000000e+00
0.000000000000000000e+00
0.000000000000000000e+00
0.000000000000000000e+00
0.000000000000000000e+00
0.000000000000000000e+00
0.000000000000000000e+00
0.000000000000000000e+00
0.000000000000000000e+00
0.000000000000000000e+00
0.000000000000000000e+00
0.000000000000000000e+00
0.000000000000000000e+00
0.000000000000000000e+00
0.000000000000000000e+00
0.000000000000000000e+00
0.000000000000000000e+00
0.000000000000000000e+00
0.000000000000000000e+00
0.000000000000000000e+00
0.000000000000000000e+00
0.000000000000000000e+00
0.000000000000000000e+00
0.000000000000000000e+00
0.000000000000000000e+00
0.000000000000000000e+00
0.000000000000000000e+00
0.000000000000000000e+00
0.000000000000000000e+00
0.000000000000000000e+00
0.000000000000000000e+00
0.000000000000000000e+00
0.000000000000000000e+00
0.000000000000000000e+00
0.000000000000000000e+00
0.000000000000000000e+00
0.000000000000000000e+00
0.000000000000000000e+00
0.000000000000000000e+00
0.000000000000000000e+00
0.000000000000000000e+00
0.000000000000000000e+00
0.000000000000000000e+00
0.000000000000000000e+00
0.000000000000000000e+00
0.000000000000000000e+00
0.000000000000000000e+00
0.000000000000000000e+00
0.000000000000000000e+00
0.000000000000000000e+00
0.000000000000000000e+00
0.000000000000000000e+00
0.000000000000000000e+00
0.000000000000000000e+00
0.000000000000000000e+00
0.000000000000000000e+00
0.000000000000000000e+00
0.000000000000000000e+00
0.000000000000000000e+00
0.000000000000000000e+00
0.000000000000000000e+00
0.000000000000000000e+00
0.000000000000000000e+00
0.000000000000000000e+00
0.000000000000000000e+00
0.000000000000000000e+00
0.000000000000000000e+00
0.000000000000000000e+00
0.000000000000000000e+00
0.000000000000000000e+00
0.000000000000000000e+00
0.000000000000000000e+00
0.000000000000000000e+00
0.000000000000000000e+00
0.000000000000000000e+00
0.000000000000000000e+00
0.000000000000000000e+00
0.000000000000000000e+00
0.000000000000000000e+00
0.000000000000000000e+00
0.000000000000000000e+00
0.000000000000000000e+00
0.000000000000000000e+00
0.000000000000000000e+00
0.000000000000000000e+00
0.000000000000000000e+00
0.000000000000000000e+00
0.000000000000000000e+00
0.000000000000000000e+00
0.000000000000000000e+00
0.000000000000000000e+00
0.000000000000000000e+00
0.000000000000000000e+00
0.000000000000000000e+00
0.000000000000000000e+00
0.000000000000000000e+00
0.000000000000000000e+00
0.000000000000000000e+00
0.000000000000000000e+00
0.000000000000000000e+00
0.000000000000000000e+00
0.000000000000000000e+00
0.000000000000000000e+00
0.000000000000000000e+00
0.000000000000000000e+00
0.000000000000000000e+00
0.000000000000000000e+00
0.000000000000000000e+00
0.000000000000000000e+00
0.000000000000000000e+00
0.000000000000000000e+00
0.000000000000000000e+00
0.000000000000000000e+00
0.000000000000000000e+00
0.000000000000000000e+00
0.000000000000000000e+00
0.000000000000000000e+00
0.000000000000000000e+00
0.000000000000000000e+00
0.000000000000000000e+00
0.000000000000000000e+00
0.000000000000000000e+00
0.000000000000000000e+00
0.000000000000000000e+00
0.000000000000000000e+00
0.000000000000000000e+00
0.000000000000000000e+00
0.000000000000000000e+00
0.000000000000000000e+00
0.000000000000000000e+00
0.000000000000000000e+00
0.000000000000000000e+00
0.000000000000000000e+00
0.000000000000000000e+00
0.000000000000000000e+00
0.000000000000000000e+00
0.000000000000000000e+00
0.000000000000000000e+00
0.000000000000000000e+00
0.000000000000000000e+00
0.000000000000000000e+00
0.000000000000000000e+00
0.000000000000000000e+00
0.000000000000000000e+00
0.000000000000000000e+00
0.000000000000000000e+00
0.000000000000000000e+00
0.000000000000000000e+00
0.000000000000000000e+00
0.000000000000000000e+00
0.000000000000000000e+00
0.000000000000000000e+00
0.000000000000000000e+00
0.000000000000000000e+00
0.000000000000000000e+00
0.000000000000000000e+00
0.000000000000000000e+00
0.000000000000000000e+00
0.000000000000000000e+00
0.000000000000000000e+00
0.000000000000000000e+00
0.000000000000000000e+00
0.000000000000000000e+00
0.000000000000000000e+00
0.000000000000000000e+00
0.000000000000000000e+00
0.000000000000000000e+00
0.000000000000000000e+00
0.000000000000000000e+00
0.000000000000000000e+00
0.000000000000000000e+00
0.000000000000000000e+00
0.000000000000000000e+00
0.000000000000000000e+00
0.000000000000000000e+00
0.000000000000000000e+00
0.000000000000000000e+00
0.000000000000000000e+00
0.000000000000000000e+00
0.000000000000000000e+00
0.000000000000000000e+00
0.000000000000000000e+00
0.000000000000000000e+00
0.000000000000000000e+00
0.000000000000000000e+00
0.000000000000000000e+00
0.000000000000000000e+00
0.000000000000000000e+00
0.000000000000000000e+00
0.000000000000000000e+00
0.000000000000000000e+00
0.000000000000000000e+00
0.000000000000000000e+00
0.000000000000000000e+00
0.000000000000000000e+00
0.000000000000000000e+00
0.000000000000000000e+00
0.000000000000000000e+00
0.000000000000000000e+00
3.158999999999999631e+01
0.000000000000000000e+00
0.000000000000000000e+00
0.000000000000000000e+00
0.000000000000000000e+00
0.000000000000000000e+00
0.000000000000000000e+00
0.000000000000000000e+00
0.000000000000000000e+00
0.000000000000000000e+00
0.000000000000000000e+00
0.000000000000000000e+00
0.000000000000000000e+00
0.000000000000000000e+00
0.000000000000000000e+00
0.000000000000000000e+00
0.000000000000000000e+00
0.000000000000000000e+00
0.000000000000000000e+00
0.000000000000000000e+00
0.000000000000000000e+00
0.000000000000000000e+00
0.000000000000000000e+00
0.000000000000000000e+00
0.000000000000000000e+00
0.000000000000000000e+00
0.000000000000000000e+00
0.000000000000000000e+00
0.000000000000000000e+00
0.000000000000000000e+00
0.000000000000000000e+00
0.000000000000000000e+00
0.000000000000000000e+00
0.000000000000000000e+00
0.000000000000000000e+00
0.000000000000000000e+00
0.000000000000000000e+00
0.000000000000000000e+00
0.000000000000000000e+00
0.000000000000000000e+00
0.000000000000000000e+00
0.000000000000000000e+00
0.000000000000000000e+00
0.000000000000000000e+00
0.000000000000000000e+00
0.000000000000000000e+00
0.000000000000000000e+00
0.000000000000000000e+00
0.000000000000000000e+00
0.000000000000000000e+00
0.000000000000000000e+00
0.000000000000000000e+00
0.000000000000000000e+00
0.000000000000000000e+00
0.000000000000000000e+00
0.000000000000000000e+00
0.000000000000000000e+00
0.000000000000000000e+00
0.000000000000000000e+00
0.000000000000000000e+00
0.000000000000000000e+00
0.000000000000000000e+00
0.000000000000000000e+00
0.000000000000000000e+00
0.000000000000000000e+00
0.000000000000000000e+00
0.000000000000000000e+00
0.000000000000000000e+00
0.000000000000000000e+00
0.000000000000000000e+00
0.000000000000000000e+00
0.000000000000000000e+00
0.000000000000000000e+00
0.000000000000000000e+00
0.000000000000000000e+00
0.000000000000000000e+00
0.000000000000000000e+00
0.000000000000000000e+00
0.000000000000000000e+00
0.000000000000000000e+00
0.000000000000000000e+00
0.000000000000000000e+00
0.000000000000000000e+00
0.000000000000000000e+00
0.000000000000000000e+00
0.000000000000000000e+00
0.000000000000000000e+00
0.000000000000000000e+00
0.000000000000000000e+00
0.000000000000000000e+00
0.000000000000000000e+00
0.000000000000000000e+00
0.000000000000000000e+00
0.000000000000000000e+00
0.000000000000000000e+00
0.000000000000000000e+00
0.000000000000000000e+00
0.000000000000000000e+00
0.000000000000000000e+00
0.000000000000000000e+00
0.000000000000000000e+00
0.000000000000000000e+00
0.000000000000000000e+00
0.000000000000000000e+00
0.000000000000000000e+00
0.000000000000000000e+00
0.000000000000000000e+00
0.000000000000000000e+00
0.000000000000000000e+00
0.000000000000000000e+00
0.000000000000000000e+00
0.000000000000000000e+00
0.000000000000000000e+00
0.000000000000000000e+00
0.000000000000000000e+00
0.000000000000000000e+00
0.000000000000000000e+00
0.000000000000000000e+00
0.000000000000000000e+00
0.000000000000000000e+00
0.000000000000000000e+00
0.000000000000000000e+00
0.000000000000000000e+00
0.000000000000000000e+00
0.000000000000000000e+00
0.000000000000000000e+00
0.000000000000000000e+00
0.000000000000000000e+00
0.000000000000000000e+00
0.000000000000000000e+00
0.000000000000000000e+00
0.000000000000000000e+00
0.000000000000000000e+00
0.000000000000000000e+00
0.000000000000000000e+00
0.000000000000000000e+00
0.000000000000000000e+00
0.000000000000000000e+00
0.000000000000000000e+00
0.000000000000000000e+00
0.000000000000000000e+00
0.000000000000000000e+00
0.000000000000000000e+00
0.000000000000000000e+00
0.000000000000000000e+00
0.000000000000000000e+00
0.000000000000000000e+00
0.000000000000000000e+00
0.000000000000000000e+00
0.000000000000000000e+00
0.000000000000000000e+00
0.000000000000000000e+00
0.000000000000000000e+00
0.000000000000000000e+00
0.000000000000000000e+00
0.000000000000000000e+00
0.000000000000000000e+00
0.000000000000000000e+00
0.000000000000000000e+00
0.000000000000000000e+00
0.000000000000000000e+00
0.000000000000000000e+00
0.000000000000000000e+00
0.000000000000000000e+00
0.000000000000000000e+00
0.000000000000000000e+00
0.000000000000000000e+00
0.000000000000000000e+00
0.000000000000000000e+00
0.000000000000000000e+00
0.000000000000000000e+00
0.000000000000000000e+00
0.000000000000000000e+00
0.000000000000000000e+00
0.000000000000000000e+00
0.000000000000000000e+00
0.000000000000000000e+00
0.000000000000000000e+00
0.000000000000000000e+00
0.000000000000000000e+00
0.000000000000000000e+00
0.000000000000000000e+00
0.000000000000000000e+00
0.000000000000000000e+00
0.000000000000000000e+00
0.000000000000000000e+00
0.000000000000000000e+00
0.000000000000000000e+00
0.000000000000000000e+00
0.000000000000000000e+00
0.000000000000000000e+00
0.000000000000000000e+00
0.000000000000000000e+00
0.000000000000000000e+00
0.000000000000000000e+00
0.000000000000000000e+00
0.000000000000000000e+00
0.000000000000000000e+00
0.000000000000000000e+00
0.000000000000000000e+00
0.000000000000000000e+00
0.000000000000000000e+00
0.000000000000000000e+00
0.000000000000000000e+00
0.000000000000000000e+00
0.000000000000000000e+00
0.000000000000000000e+00
0.000000000000000000e+00
0.000000000000000000e+00
0.000000000000000000e+00
0.000000000000000000e+00
0.000000000000000000e+00
0.000000000000000000e+00
0.000000000000000000e+00
0.000000000000000000e+00
0.000000000000000000e+00
0.000000000000000000e+00
0.000000000000000000e+00
0.000000000000000000e+00
0.000000000000000000e+00
0.000000000000000000e+00
0.000000000000000000e+00
0.000000000000000000e+00
0.000000000000000000e+00
0.000000000000000000e+00
0.000000000000000000e+00
0.000000000000000000e+00
0.000000000000000000e+00
0.000000000000000000e+00
0.000000000000000000e+00
0.000000000000000000e+00
0.000000000000000000e+00
0.000000000000000000e+00
0.000000000000000000e+00
0.000000000000000000e+00
0.000000000000000000e+00
0.000000000000000000e+00
0.000000000000000000e+00
0.000000000000000000e+00
0.000000000000000000e+00
0.000000000000000000e+00
0.000000000000000000e+00
0.000000000000000000e+00
0.000000000000000000e+00
0.000000000000000000e+00
0.000000000000000000e+00
0.000000000000000000e+00
0.000000000000000000e+00
0.000000000000000000e+00
0.000000000000000000e+00
0.000000000000000000e+00
0.000000000000000000e+00
0.000000000000000000e+00
0.000000000000000000e+00
0.000000000000000000e+00
0.000000000000000000e+00
0.000000000000000000e+00
0.000000000000000000e+00
0.000000000000000000e+00
0.000000000000000000e+00
0.000000000000000000e+00
0.000000000000000000e+00
0.000000000000000000e+00
0.000000000000000000e+00
0.000000000000000000e+00
0.000000000000000000e+00
0.000000000000000000e+00
0.000000000000000000e+00
0.000000000000000000e+00
0.000000000000000000e+00
0.000000000000000000e+00
0.000000000000000000e+00
0.000000000000000000e+00
0.000000000000000000e+00
0.000000000000000000e+00
0.000000000000000000e+00
0.000000000000000000e+00
0.000000000000000000e+00
0.000000000000000000e+00
0.000000000000000000e+00
0.000000000000000000e+00
0.000000000000000000e+00
0.000000000000000000e+00
0.000000000000000000e+00
0.000000000000000000e+00
0.000000000000000000e+00
0.000000000000000000e+00
0.000000000000000000e+00
0.000000000000000000e+00
0.000000000000000000e+00
0.000000000000000000e+00
0.000000000000000000e+00
0.000000000000000000e+00
0.000000000000000000e+00
0.000000000000000000e+00
0.000000000000000000e+00
0.000000000000000000e+00
0.000000000000000000e+00
0.000000000000000000e+00
0.000000000000000000e+00
0.000000000000000000e+00
0.000000000000000000e+00
0.000000000000000000e+00
0.000000000000000000e+00
0.000000000000000000e+00
0.000000000000000000e+00
0.000000000000000000e+00
0.000000000000000000e+00
0.000000000000000000e+00
0.000000000000000000e+00
0.000000000000000000e+00
0.000000000000000000e+00
0.000000000000000000e+00
0.000000000000000000e+00
0.000000000000000000e+00
0.000000000000000000e+00
0.000000000000000000e+00
0.000000000000000000e+00
0.000000000000000000e+00
0.000000000000000000e+00
0.000000000000000000e+00
0.000000000000000000e+00
0.000000000000000000e+00
0.000000000000000000e+00
0.000000000000000000e+00
0.000000000000000000e+00
0.000000000000000000e+00
0.000000000000000000e+00
0.000000000000000000e+00
0.000000000000000000e+00
0.000000000000000000e+00
0.000000000000000000e+00
0.000000000000000000e+00
0.000000000000000000e+00
0.000000000000000000e+00
0.000000000000000000e+00
0.000000000000000000e+00
0.000000000000000000e+00
0.000000000000000000e+00
0.000000000000000000e+00
0.000000000000000000e+00
0.000000000000000000e+00
0.000000000000000000e+00
0.000000000000000000e+00
0.000000000000000000e+00
0.000000000000000000e+00
0.000000000000000000e+00
0.000000000000000000e+00
0.000000000000000000e+00
0.000000000000000000e+00
0.000000000000000000e+00
0.000000000000000000e+00
0.000000000000000000e+00
0.000000000000000000e+00
0.000000000000000000e+00
0.000000000000000000e+00
0.000000000000000000e+00
0.000000000000000000e+00
0.000000000000000000e+00
0.000000000000000000e+00
0.000000000000000000e+00
0.000000000000000000e+00
0.000000000000000000e+00
0.000000000000000000e+00
0.000000000000000000e+00
0.000000000000000000e+00
0.000000000000000000e+00
0.000000000000000000e+00
0.000000000000000000e+00
0.000000000000000000e+00
0.000000000000000000e+00
0.000000000000000000e+00
0.000000000000000000e+00
0.000000000000000000e+00
0.000000000000000000e+00
0.000000000000000000e+00
0.000000000000000000e+00
0.000000000000000000e+00
0.000000000000000000e+00
0.000000000000000000e+00
0.000000000000000000e+00
0.000000000000000000e+00
0.000000000000000000e+00
0.000000000000000000e+00
0.000000000000000000e+00
0.000000000000000000e+00
0.000000000000000000e+00
0.000000000000000000e+00
0.000000000000000000e+00
0.000000000000000000e+00
0.000000000000000000e+00
0.000000000000000000e+00
0.000000000000000000e+00
0.000000000000000000e+00
0.000000000000000000e+00
0.000000000000000000e+00
0.000000000000000000e+00
0.000000000000000000e+00
0.000000000000000000e+00
0.000000000000000000e+00
0.000000000000000000e+00
0.000000000000000000e+00
0.000000000000000000e+00
0.000000000000000000e+00
0.000000000000000000e+00
0.000000000000000000e+00
0.000000000000000000e+00
0.000000000000000000e+00
0.000000000000000000e+00
0.000000000000000000e+00
0.000000000000000000e+00
0.000000000000000000e+00
0.000000000000000000e+00
0.000000000000000000e+00
0.000000000000000000e+00
0.000000000000000000e+00
0.000000000000000000e+00
0.000000000000000000e+00
0.000000000000000000e+00
0.000000000000000000e+00
0.000000000000000000e+00
0.000000000000000000e+00
0.000000000000000000e+00
0.000000000000000000e+00
0.000000000000000000e+00
0.000000000000000000e+00
0.000000000000000000e+00
0.000000000000000000e+00
0.000000000000000000e+00
0.000000000000000000e+00
0.000000000000000000e+00
0.000000000000000000e+00
0.000000000000000000e+00
0.000000000000000000e+00
0.000000000000000000e+00
0.000000000000000000e+00
0.000000000000000000e+00
0.000000000000000000e+00
0.000000000000000000e+00
0.000000000000000000e+00
0.000000000000000000e+00
0.000000000000000000e+00
0.000000000000000000e+00
0.000000000000000000e+00
0.000000000000000000e+00
0.000000000000000000e+00
0.000000000000000000e+00
0.000000000000000000e+00
0.000000000000000000e+00
0.000000000000000000e+00
0.000000000000000000e+00
0.000000000000000000e+00
0.000000000000000000e+00
0.000000000000000000e+00
0.000000000000000000e+00
0.000000000000000000e+00
0.000000000000000000e+00
0.000000000000000000e+00
0.000000000000000000e+00
0.000000000000000000e+00
0.000000000000000000e+00
0.000000000000000000e+00
0.000000000000000000e+00
0.000000000000000000e+00
0.000000000000000000e+00
0.000000000000000000e+00
0.000000000000000000e+00
0.000000000000000000e+00
0.000000000000000000e+00
0.000000000000000000e+00
0.000000000000000000e+00
0.000000000000000000e+00
0.000000000000000000e+00
0.000000000000000000e+00
0.000000000000000000e+00
0.000000000000000000e+00
0.000000000000000000e+00
0.000000000000000000e+00
0.000000000000000000e+00
0.000000000000000000e+00
0.000000000000000000e+00
0.000000000000000000e+00
0.000000000000000000e+00
0.000000000000000000e+00
0.000000000000000000e+00
0.000000000000000000e+00
0.000000000000000000e+00
0.000000000000000000e+00
0.000000000000000000e+00
0.000000000000000000e+00
0.000000000000000000e+00
0.000000000000000000e+00
0.000000000000000000e+00
0.000000000000000000e+00
0.000000000000000000e+00
0.000000000000000000e+00
0.000000000000000000e+00
0.000000000000000000e+00
0.000000000000000000e+00
0.000000000000000000e+00
0.000000000000000000e+00
0.000000000000000000e+00
0.000000000000000000e+00
0.000000000000000000e+00
0.000000000000000000e+00
0.000000000000000000e+00
0.000000000000000000e+00
0.000000000000000000e+00
0.000000000000000000e+00
0.000000000000000000e+00
0.000000000000000000e+00
0.000000000000000000e+00
0.000000000000000000e+00
0.000000000000000000e+00
0.000000000000000000e+00
0.000000000000000000e+00
0.000000000000000000e+00
0.000000000000000000e+00
0.000000000000000000e+00
0.000000000000000000e+00
0.000000000000000000e+00
0.000000000000000000e+00
0.000000000000000000e+00
0.000000000000000000e+00
0.000000000000000000e+00
0.000000000000000000e+00
0.000000000000000000e+00
0.000000000000000000e+00
0.000000000000000000e+00
0.000000000000000000e+00
0.000000000000000000e+00
0.000000000000000000e+00
0.000000000000000000e+00
0.000000000000000000e+00
0.000000000000000000e+00
0.000000000000000000e+00
0.000000000000000000e+00
0.000000000000000000e+00
0.000000000000000000e+00
0.000000000000000000e+00
0.000000000000000000e+00
0.000000000000000000e+00
0.000000000000000000e+00
0.000000000000000000e+00
0.000000000000000000e+00
0.000000000000000000e+00
0.000000000000000000e+00
0.000000000000000000e+00
0.000000000000000000e+00
0.000000000000000000e+00
0.000000000000000000e+00
0.000000000000000000e+00
0.000000000000000000e+00
0.000000000000000000e+00
0.000000000000000000e+00
0.000000000000000000e+00
0.000000000000000000e+00
0.000000000000000000e+00
0.000000000000000000e+00
0.000000000000000000e+00
0.000000000000000000e+00
0.000000000000000000e+00
0.000000000000000000e+00
0.000000000000000000e+00
0.000000000000000000e+00
0.000000000000000000e+00
0.000000000000000000e+00
0.000000000000000000e+00
