3.511172185096989072e-04
2.878992042788804757e-04
2.437958378922473854e-04
2.090119261103488856e-04
1.806285598829896941e-04
1.570023055970418656e-04
1.370327686148614394e-04
1.199775246494983724e-04
1.052738047079716918e-04
9.254401804248338760e-05
8.151304772365783368e-05
7.197924804506958794e-05
6.374854631378952215e-05
5.662251723175371185e-05
5.043458172130209512e-05
4.508550617055545444e-05
4.046879940260219183e-05
3.647713158119356250e-05
3.298680772033993878e-05
2.992702924345870162e-05
2.726711662437900273e-05
2.493378310144657317e-05
2.288806788681039544e-05
2.108794141524166033e-05
1.949823762255087660e-05
1.808792189919937292e-05
1.682685860105420487e-05
1.569864701253288685e-05
1.468875635825381020e-05
1.378120954271630905e-05
1.296195058162807401e-05
1.222238222358361212e-05
1.155055762808018186e-05
1.094201330188921888e-05
1.038628431883035577e-05
9.878617884482442682e-06
9.413018323040560169e-06
8.982395010282424576e-06
8.587999217879796815e-06
8.219928484185356484e-06
7.877481251988918833e-06
7.558938093077120410e-06
7.262544564376906587e-06
6.982807794680513452e-06
6.722069630143287198e-06
6.474629886887023926e-06
6.239391283225507875e-06
6.015240157141060953e-06
5.801124236494886267e-06
5.594371587233875663e-06
5.394284498980656263e-06
5.200516178642747701e-06
5.011752099055124069e-06
4.827901783533778335e-06
4.648262043927798902e-06
4.473785073372766291e-06
4.303040443613482659e-06
4.136766711750877752e-06
3.973725080967222781e-06
3.815052576325037915e-06
3.660138325253837049e-06
3.508798898138668398e-06
3.361484990232151294e-06
3.218611140506904061e-06
3.079041844661153513e-06
2.943475123498561404e-06
2.810942936157781439e-06
2.681312105936739062e-06
2.556174731360284307e-06
2.434867606607731094e-06
2.316954153288753990e-06
2.202828639345828013e-06
2.092097172960320386e-06
1.984125954058580064e-06
1.879708564199002259e-06
1.778713747512147047e-06
1.681005819702800299e-06
1.586451308706329077e-06
1.495133267937624776e-06
1.406775901726608534e-06
1.321646348728286095e-06
1.239363391861364977e-06
1.160704269912228952e-06
1.084874167505930848e-06
1.012076595478958516e-06
9.419468285141551089e-07
8.751310129341806139e-07
8.113633287380595474e-07
7.504067516113192166e-07
6.926467244149335150e-07
6.377666793899638007e-07
5.850513223411856576e-07
5.356452489063709167e-07
4.893143703941253325e-07
4.457175028436440624e-07
4.047118194165460904e-07
3.668257693126782034e-07
3.312333890932133227e-07
2.980916657858020431e-07
2.681017089548357043e-07
2.404889475807492375e-07
2.152359960399528181e-07
1.908696437269992894e-07
1.707346745142688097e-07
1.528627436958537437e-07
1.372982624163960372e-07
1.243441004740379493e-07
1.131822522250362077e-07
1.037729418090988645e-07
9.468739000875532101e-08
8.876628385211171358e-08
8.417329006030620659e-08
8.090620547872343332e-08
7.861415335920080287e-08
7.717256983652706245e-08
7.641514998497292201e-08
7.622519118524040196e-08
7.587374029431377842e-08
7.577646008721052956e-08
7.576022377038122981e-08
7.401540375220281525e-08
7.391087853670191299e-08
7.390509213216001156e-08
7.382202827810077542e-08
7.367734817141263843e-08
7.366441635691875034e-08
7.366199719979288113e-08
7.366193178485695958e-08
7.363875917880274027e-08
7.363216590591560410e-08
7.358035495083412323e-08
7.355522017826363234e-08
7.346781576829468064e-08
7.343196680023232662e-08
7.339199363964852464e-08
7.336734299120745185e-08
7.327175252751154884e-08
7.315755945201207884e-08
7.314316357280456572e-08
7.304399069187667360e-08
7.303639391405091125e-08
7.303538397207080431e-08
7.302011047532526043e-08
7.300654400804351760e-08
7.300498177313094535e-08
7.298449402652951419e-08
7.298096913950396089e-08
7.295689122685672921e-08
7.294241372265310222e-08
7.293919391794964339e-08
7.292949393904039808e-08
7.291693210534246535e-08
7.291203662688734676e-08
7.284674370387771993e-08
7.278999408873927111e-08
7.277845287342113716e-08
7.274385026073478488e-08
7.273446453552428273e-08
7.271263332394498739e-08
7.270555328087802697e-08
7.267960539435849878e-08
7.266477805441952219e-08
7.264739455722003059e-08
7.258438288028021400e-08
7.252740476387973071e-08
7.251001951271246573e-08
7.250324910463042054e-08
7.249632434754820634e-08
7.248390281349600544e-08
7.248024259500531050e-08
7.247370854946929736e-08
7.245747184065805768e-08
7.245479326229615269e-08
7.244784687330600197e-08
7.244541057218861258e-08
7.243791648832831419e-08
7.243901133480966895e-08
7.243432765639656917e-08
7.243449467745496990e-08
7.238669718860199482e-08
7.216989602571270121e-08
7.207752723169585389e-08
7.203843466333546836e-08
7.201664896185752360e-08
7.190685982899003507e-08
7.181159246950990976e-08
7.169735930573516788e-08
7.168872397110075019e-08
7.168629199240294620e-08
7.167720759752141670e-08
7.168105200381505804e-08
7.166994694188132288e-08
7.162770180704947021e-08
7.160095309148003009e-08
7.159702612163797200e-08
7.156135308731034109e-08
7.150628084934597101e-08
7.124636852337594033e-08
7.113268769140597771e-08
7.108234028774846429e-08
7.100867429677050608e-08
7.086172588979760047e-08
7.081090219012907824e-08
7.080466918739485091e-08
7.056951154295686968e-08
7.055127693069255467e-08
7.024655993546191178e-08
7.016831471674996019e-08
7.017205997978769671e-08
7.014666008024322641e-08
7.013720335267156089e-08
7.012460076140880114e-08
7.010786980099970703e-08
6.984657205690062862e-08
6.978707527162505206e-08
6.974629248838271508e-08
6.973770058312033341e-08
6.936235513090452154e-08
6.924773573615655018e-08
6.898169764057193662e-08
6.862604599028877055e-08
6.819573309081986018e-08
6.782529090781711018e-08
6.775086476496692135e-08
6.774039399651630862e-08
6.770852296070396228e-08
6.757618597975332726e-08
6.754609898217222287e-08
6.752656116097562264e-08
6.749832786579011632e-08
6.692211171973375622e-08
6.682499865786172793e-08
6.680289790341915263e-08
6.677669204453706922e-08
6.654259012898163501e-08
6.582417111615437509e-08
6.553770804676599978e-08
6.488968900286725037e-08
6.417942290604743074e-08
6.415369014228075013e-08
6.412712666376086146e-08
6.390291331118315137e-08
6.374591537654253097e-08
6.319813957773067599e-08
6.267939855815547355e-08
6.196636118290834730e-08
6.182309986189710384e-08
6.180508808432532428e-08
6.156650793228249519e-08
6.156471216448556284e-08
6.153988020588454834e-08
6.107095839824758614e-08
5.997010139981086306e-08
5.965951384634351518e-08
5.854206294790301287e-08
5.808406055011594868e-08
5.732161351329286151e-08
5.652974499174142089e-08
5.632220463988121164e-08
5.614997802948171243e-08
5.544201019050429845e-08
5.534952251686654783e-08
5.519213150481139469e-08
5.520052583898873812e-08
5.447196170737741447e-08
5.374300235759536112e-08
5.252536760670544390e-08
5.150905662204892576e-08
5.108123619852124438e-08
5.036322966318025318e-08
5.012734853752736101e-08
4.913530296376583987e-08
4.882043222502007465e-08
4.874874386061820704e-08
4.867666822266567175e-08
4.860220553565255481e-08
4.754868133805614853e-08
4.700343722405004585e-08
4.565658161099112809e-08
4.514083062424728024e-08
4.442636759734805395e-08
4.362342376315201442e-08
4.226930095393574719e-08
4.148652595119864736e-08
4.113136459523825864e-08
4.098710546983118837e-08
4.029795287760214713e-08
3.994576264678113957e-08
3.984930729860593799e-08
3.929369148772240990e-08
3.893724083316716706e-08
3.800541636255292708e-08
3.798283068994846583e-08
3.729462182657896015e-08
3.648349756718817005e-08
3.602970157483128603e-08
3.623085678466254545e-08
3.626303114095048300e-08
3.605110560650321814e-08
3.640158099979935188e-08
3.649147656270320245e-08
