1.185026430350611098e-03
1.044261413954933587e-03
9.373988528161788809e-04
8.486590939849647562e-04
7.727059488135353850e-04
7.062019959462933691e-04
6.480104016338259941e-04
5.967819556787578141e-04
5.514649093987008654e-04
5.112321015183267587e-04
4.754244469122002881e-04
4.437469033638259805e-04
4.155407154390870924e-04
3.903682210880798508e-04
3.679308178433363303e-04
3.478090376823288047e-04
3.297989335528271810e-04
3.136656104826106165e-04
2.991543734852861983e-04
2.861359961441465238e-04
2.743541817858267170e-04
2.637154668756580122e-04
2.540377774649955206e-04
2.452497509794694837e-04
2.372688814047084482e-04
2.300010719615463366e-04
2.233772320351224252e-04
2.173108985191586986e-04
2.117631279567543622e-04
2.066861925057445599e-04
2.020461793319768906e-04
1.977982448511440047e-04
1.938917119455801170e-04
1.902693729715475984e-04
1.868681955946091132e-04
1.836533778380403537e-04
1.806080057378400968e-04
1.777113745725876482e-04
1.749457819945749695e-04
1.722972844712745738e-04
1.697593974438662146e-04
1.673295647966488453e-04
1.649882924566632703e-04
1.627253489720243849e-04
1.605346423128898518e-04
1.584111393002891432e-04
1.563485631287779576e-04
1.543453005936379124e-04
1.523978737462264104e-04
1.505026553721029443e-04
1.486579830008706268e-04
1.468579852468699222e-04
1.451003120997293374e-04
1.433846311913277013e-04
1.417077359016235508e-04
1.400709222219463841e-04
1.384723366348193294e-04
1.369067314799187981e-04
1.353771574102198701e-04
1.338808266934423926e-04
1.324149617052090627e-04
1.309828603480014193e-04
1.295800137608330927e-04
1.282063476347873967e-04
1.268624218940406375e-04
1.255487753464626095e-04
1.242626006690085753e-04
1.230036150222275644e-04
1.217707319424287261e-04
1.205664726869643287e-04
1.193865605798480019e-04
1.182329889323527854e-04
1.171042139292894941e-04
1.159988351071818352e-04
1.149158119151596634e-04
1.138574371010936734e-04
1.128201870303453878e-04
1.118063610891366794e-04
1.108134516198063961e-04
1.098411310625773161e-04
1.088890258234885371e-04
1.079579565446220986e-04
1.070451981535887684e-04
1.061518339214852859e-04
1.052773418409231509e-04
1.044201661978009165e-04
1.035804512266837651e-04
1.027564797466290096e-04
1.019487382724963936e-04
1.011550020340810772e-04
1.003758526950740415e-04
9.961216783524885331e-05
9.886200922583818196e-05
9.812609414750644334e-05
9.740236902063490463e-05
9.669290556347936180e-05
9.599542429853249808e-05
9.530886724135129921e-05
9.463478194904651765e-05
9.397318769761998220e-05
9.332304351121870382e-05
9.268383521873479753e-05
9.205532274654911655e-05
9.143728335396691649e-05
9.082863308535244385e-05
9.023131875487878527e-05
8.964290914428643133e-05
8.906352150304082198e-05
8.849448781291248379e-05
8.793362983356030598e-05
8.738156537623008140e-05
8.683844882040808255e-05
8.630511225058042080e-05
8.577890969729019810e-05
8.526186236723074842e-05
8.475051322603911405e-05
8.424771369375927800e-05
8.375039936474384667e-05
8.326051061775878144e-05
8.277566965860635106e-05
8.229855886615598001e-05
8.182713086292596537e-05
8.136113665499203264e-05
8.090238868983417643e-05
8.044769573225336780e-05
7.999869914392748695e-05
7.955485950969803813e-05
7.911622039061349360e-05
7.868198197521126972e-05
7.825392033024939904e-05
7.782903653701274405e-05
7.740945033573925702e-05
7.699416640117448464e-05
7.658298156032449509e-05
7.617599429555505116e-05
7.577423142837616098e-05
7.537684483076753628e-05
7.498307721527637884e-05
7.459404660369167435e-05
7.420956041604559461e-05
7.382826833824388977e-05
7.345171301631727898e-05
7.307806832299826739e-05
7.270902633076703242e-05
7.234276577750586618e-05
7.198086767263600931e-05
7.162314976625133657e-05
7.126899382802673311e-05
7.091776186503357022e-05
7.057137974191362672e-05
7.022931282263051905e-05
6.989056525078325601e-05
6.955585609702404852e-05
6.922489058564250440e-05
6.889730540738891432e-05
6.857238943294618398e-05
6.825241643447308305e-05
6.793552957263070797e-05
6.762286306939275214e-05
6.731512647841881799e-05
6.700954948304865637e-05
6.670857614953628202e-05
6.641103803913599407e-05
6.611856954560342114e-05
6.582931776291340382e-05
6.554375303208665729e-05
6.526238637612994265e-05
6.498503164043007839e-05
6.471121488844966982e-05
6.444109210332801796e-05
6.417521783972186193e-05
6.391366413644705940e-05
6.365456638870866334e-05
6.340073437813494603e-05
6.315048512377267268e-05
6.290416653779526564e-05
6.266175200793312663e-05
6.242322474877240359e-05
6.218835128234036919e-05
6.195802337828031482e-05
6.173131933632697624e-05
6.150840896371915307e-05
6.129012701169343053e-05
6.107535127206394760e-05
6.086465614142097308e-05
6.065829269020607751e-05
6.045581955966003527e-05
6.025651465537390760e-05
6.006215656360154917e-05
5.987268066036000334e-05
5.968689311307899358e-05
5.950579033227935787e-05
5.932702605729399376e-05
5.915275599139606990e-05
5.898345459663955514e-05
5.881800237568010202e-05
5.865658831176136294e-05
5.849957649359619085e-05
5.834617093565832143e-05
5.819666767936573087e-05
5.804993894467882267e-05
5.790792357980523787e-05
5.776914252530616147e-05
5.763379090082978816e-05
5.750190841796334022e-05
5.737426795232883971e-05
5.724978627782250073e-05
5.712924877350276904e-05
5.701156243631932665e-05
5.689834007733950177e-05
5.678892007619067026e-05
5.668324081636829027e-05
5.658065024134705103e-05
5.648151991133148580e-05
5.638570494409653519e-05
5.629318409367813184e-05
5.620303795820081569e-05
5.611621867616496076e-05
5.603265968834576056e-05
5.595206902560299152e-05
5.587465224729878135e-05
5.580002193572885562e-05
5.572700880331421460e-05
5.565754823736147964e-05
5.559067739982566001e-05
5.552734650556061881e-05
5.546661774427964639e-05
5.540785800252117694e-05
5.535154159285578734e-05
5.529739731346773249e-05
5.524531169714367863e-05
5.519620991601785476e-05
5.514838615645786509e-05
5.510379347810404727e-05
5.506133222311826496e-05
5.502124344659080845e-05
5.498284648655092812e-05
5.494660309614276769e-05
5.491241454199829498e-05
5.488001251321261682e-05
5.484970124128177391e-05
5.482033286367103431e-05
5.479232600639749584e-05
5.476656390118717598e-05
5.474220679410911122e-05
5.471881730039565583e-05
5.469680801201883821e-05
5.467612077949679918e-05
5.465612762229367361e-05
5.463768168814719993e-05
5.461975491132080578e-05
5.460283181120277244e-05
5.458727542261001614e-05
5.457197658365040330e-05
5.455744447498989418e-05
5.454377447817136942e-05
5.453115908326339813e-05
5.451887929106585031e-05
5.450730697819291810e-05
5.449649861628975132e-05
5.448573073267713089e-05
5.447555420259032302e-05
5.446626132539660113e-05
5.445791967202754232e-05
5.444935434408425305e-05
5.444127841701617659e-05
5.443436214407145911e-05
5.442774020382821619e-05
5.442164704205615762e-05
5.441571706236204988e-05
5.441035306076470854e-05
5.440553485001267274e-05
5.440128137056843570e-05
5.439653426870958770e-05
5.439231927603711039e-05
5.438899619744485002e-05
5.438560484183727506e-05
5.438154057224021639e-05
5.437836137272707805e-05
5.437576714869540580e-05
5.437354843242714000e-05
5.437156921748895834e-05
5.437051011749801635e-05
5.436945826838139346e-05
5.436829493143519574e-05
5.436726824842485264e-05
5.436625966591783769e-05
5.436513072718231958e-05
5.436434411422744558e-05
5.436363898327501842e-05
5.436288066856015031e-05
5.436254048419481325e-05
5.436178433727658125e-05
5.436132200076234755e-05
5.436078048608307216e-05
5.436020616340845587e-05
5.435989318477674962e-05
5.435938326126472421e-05
5.435897097536895932e-05
5.435849828379489844e-05
5.435828338505191919e-05
