3.291788660045376238e-05
1.020454484614066173e-03
2.007991082627680075e-03
2.995527680641297662e-03
3.983064278654915684e-03
4.970600876668534139e-03
5.958137474682152594e-03
6.945674072695770182e-03
7.933210670709386902e-03
8.920747268723005358e-03
9.908283866736623813e-03
1.089582046475024227e-02
1.188335706276385899e-02
1.287089366077747744e-02
1.385843025879109590e-02
1.484596685680471262e-02
1.583350345481833107e-02
1.682104005283194953e-02
1.780857665084556798e-02
1.879611324885918644e-02
1.978364984687280143e-02
2.077118644488641988e-02
2.175872304290003834e-02
2.274625964091365679e-02
2.373379623892727525e-02
2.472133283694089370e-02
2.570886943495451216e-02
2.669640603296813061e-02
2.768394263098174907e-02
2.867147922899531201e-02
2.965901582700883679e-02
3.064655242502235810e-02
3.163408902303588288e-02
3.262162562104941460e-02
3.360916221906293938e-02
3.459669881707645722e-02
3.558423541508998200e-02
3.657177201310350678e-02
3.755930861111703156e-02
3.854684520913055634e-02
3.953438180714408112e-02
4.052191840515760590e-02
4.150945500317113068e-02
4.249699160118465546e-02
4.348452819919817330e-02
4.447206479721170502e-02
4.545960139522522286e-02
4.644713799323875458e-02
4.743467459125227242e-02
4.842221118926580414e-02
4.940974778727932892e-02
5.039728438529284676e-02
5.138482098330637848e-02
5.237235758131989632e-02
5.335989417933342804e-02
5.434743077734694588e-02
5.533496737536047066e-02
5.632250397337402320e-02
5.731004057138772839e-02
5.829757716940144746e-02
5.928511376741515959e-02
6.027265036542886478e-02
6.126018696344258385e-02
6.224772356145629598e-02
6.323526015947000811e-02
6.422279675748371330e-02
6.521033335549743237e-02
6.619786995351113756e-02
6.718540655152484276e-02
6.817294314953856182e-02
6.916047974755226702e-02
7.014801634556598608e-02
7.113555294357970515e-02
7.212308954159341035e-02
7.311062613960711554e-02
7.409816273762083461e-02
7.508569933563453980e-02
7.607323593364825887e-02
7.706077253166197794e-02
7.804830912967568313e-02
7.903584572768938832e-02
8.002338232570309351e-02
8.101091892371681258e-02
8.199845552173051777e-02
8.298599211974423684e-02
8.397352871775795591e-02
8.496106531577166110e-02
8.594860191378536629e-02
8.693613851179907148e-02
8.792367510981279055e-02
8.891121170782650962e-02
8.989874830584022869e-02
9.088628490385393388e-02
9.187382150186763907e-02
9.286135809988134426e-02
9.384889469789506333e-02
9.483643129590878240e-02
9.582396789392248759e-02
9.681150449193620666e-02
9.779904108994991185e-02
9.878657768796361704e-02
9.977411428597732224e-02
1.007616508839910413e-01
1.017491874820047604e-01
1.027367240800184794e-01
1.037242606780321846e-01
1.047117972760458898e-01
1.056993338740595950e-01
1.066868704720733141e-01
1.076744070700870332e-01
1.086619436681007522e-01
1.096494802661144574e-01
1.106370168641281626e-01
1.116245534621418678e-01
1.126120900601555036e-01
1.135996266581688480e-01
1.145871632561821785e-01
1.155746998541955367e-01
1.165622364522088672e-01
1.175497730502221977e-01
1.185373096482355421e-01
1.195248462462488725e-01
1.205123828442622169e-01
1.214999194422755474e-01
1.224874560402888779e-01
1.234749926383022223e-01
1.244625292363155528e-01
1.254500658343288833e-01
1.264376024323422276e-01
1.274251390303555720e-01
1.284126756283689164e-01
1.294002122263822330e-01
1.303877488243955773e-01
1.313752854224089217e-01
1.323628220204222661e-01
1.333503586184356104e-01
1.343378952164489271e-01
1.353254318144622714e-01
1.363129684124756158e-01
1.373005050104889324e-01
1.382880416085022768e-01
1.392755782065156211e-01
1.402631148045289378e-01
1.412506514025423099e-01
1.422381880005556265e-01
1.432257245985689431e-01
1.442132611965823152e-01
1.452007977945956319e-01
1.461883343926089762e-01
1.471758709906223206e-01
1.481634075886356372e-01
1.491509441866489816e-01
1.501384807846623259e-01
1.511260173826756703e-01
1.521135539806889869e-01
1.531010905787023313e-01
1.540886271767156757e-01
1.550761637747290200e-01
1.560637003727423644e-01
1.570512369707556810e-01
1.580387735687690254e-01
1.590263101667823697e-01
1.600138467647956864e-01
1.610013833628090307e-01
1.619889199608223751e-01
1.629764565588356917e-01
1.639639931568490638e-01
1.649515297548623805e-01
1.659390663528757248e-01
1.669266029508890692e-01
1.679141395489023858e-01
1.689016761469157302e-01
1.698892127449290745e-01
1.708767493429424189e-01
1.718642859409557355e-01
1.728518225389690799e-01
1.738393591369824243e-01
1.748268957349957409e-01
1.758144323330090852e-01
1.768019689310224296e-01
1.777895055290357740e-01
1.787770421270490906e-01
1.797645787250624350e-01
1.807521153230757793e-01
1.817396519210890959e-01
1.827271885191024403e-01
1.837147251171158124e-01
1.847022617151291013e-01
1.856897983131424734e-01
1.866773349111558178e-01
1.876648715091691622e-01
1.886524081071824788e-01
1.896399447051958231e-01
1.906274813032091675e-01
1.916150179012224841e-01
1.926025544992358285e-01
1.935900910972491729e-01
1.945776276952624895e-01
1.955651642932758338e-01
1.965527008912891782e-01
1.975402374893024948e-01
1.985277740873158392e-01
1.995153106853291836e-01
2.005028472833425279e-01
2.014903838813558445e-01
2.024779204793691889e-01
2.034654570773825610e-01
2.044529936753958499e-01
2.054405302734092220e-01
2.064280668714225664e-01
2.074156034694358552e-01
2.084031400674492274e-01
2.093906766654625717e-01
2.103782132634758884e-01
2.113657498614892327e-01
2.123532864595025771e-01
2.133408230575159215e-01
2.143283596555292381e-01
2.153158962535425824e-01
2.163034328515559268e-01
2.172909694495692434e-01
2.182785060475825878e-01
2.192660426455959322e-01
2.202535792436092488e-01
2.212411158416225931e-01
2.222286524396359375e-01
2.232161890376493096e-01
2.242037256356625985e-01
2.251912622336759984e-01
2.261787988316893150e-01
2.271663354297026594e-01
2.281538720277160037e-01
2.291414086257293203e-01
2.301289452237426647e-01
2.311164818217560091e-01
2.321040184197693257e-01
2.330915550177826701e-01
2.340790916157960144e-01
2.350666282138093588e-01
2.360541648118226754e-01
2.370417014098360198e-01
2.380292380078493641e-01
2.390167746058626808e-01
2.400043112038760251e-01
2.409918478018893973e-01
2.419793843999026861e-01
2.429669209979160582e-01
2.439544575959294026e-01
2.449419941939426915e-01
2.459295307919560636e-01
2.469170673899694080e-01
2.479046039879827523e-01
2.488921405859960689e-01
2.498796771840094133e-01
2.508672137820227577e-01
2.518547503800360743e-01
2.528422869780494464e-01
2.538298235760627630e-01
2.548173601740760796e-01
2.558048967720894518e-01
2.567924333701027684e-01
2.577799699681161405e-01
2.587675065661294571e-01
2.597550431641427737e-01
2.607425797621561459e-01
2.617301163601694625e-01
2.627176529581827791e-01
2.637051895561961512e-01
2.646927261542094678e-01
2.656802627522227844e-01
2.666677993502361566e-01
2.676553359482494732e-01
2.686428725462627898e-01
2.696304091442761619e-01
2.706179457422895340e-01
2.716054823403027951e-01
2.725930189383161673e-01
2.735805555363295394e-01
2.745680921343428005e-01
2.755556287323561726e-01
2.765431653303695447e-01
2.775307019283828613e-01
2.785182385263961780e-01
2.795057751244095501e-01
2.804933117224228667e-01
2.814808483204361833e-01
2.824683849184495554e-01
2.834559215164628720e-01
2.844434581144761887e-01
2.854309947124895608e-01
2.864185313105028774e-01
2.874060679085161940e-01
2.883936045065295661e-01
2.893811411045428827e-01
2.903686777025561994e-01
2.913562143005695715e-01
2.923437508985828881e-01
2.933312874965962602e-01
2.943188240946095768e-01
2.953063606926229490e-01
2.962938972906362656e-01
2.972814338886495822e-01
2.982689704866629543e-01
2.992565070846762709e-01
3.002440436826895875e-01
3.012315802807029597e-01
3.022191168787162763e-01
3.032066534767295929e-01
3.041941900747429650e-01
3.051817266727562816e-01
3.061692632707696538e-01
3.071567998687829704e-01
3.081443364667962870e-01
3.091318730648096591e-01
3.101194096628229757e-01
3.111069462608362923e-01
3.120944828588496645e-01
3.130820194568629811e-01
3.140695560548762977e-01
3.150570926528896698e-01
3.160446292509030419e-01
3.170321658489163585e-01
3.180197024469296752e-01
3.190072390449430473e-01
3.199947756429563639e-01
3.209823122409696805e-01
3.219698488389830526e-01
3.229573854369963692e-01
3.239449220350096859e-01
3.249324586330230580e-01
3.259199952310363746e-01
3.269075318290496912e-01
3.278950684270630633e-01
3.288826050250763799e-01
3.298701416230896966e-01
3.308576782211030687e-01
3.318452148191163853e-01
3.328327514171297019e-01
3.338202880151430740e-01
3.348078246131564462e-01
3.357624433245693374e-01
