1.426413228229567046e-03
1.134540036867058305e-03
9.130965212898246343e-04
7.391610256588068998e-04
6.030031310684736334e-04
4.945122107801042111e-04
4.072553258546931392e-04
3.360617061886419805e-04
2.767129930791701969e-04
2.267429840288199812e-04
1.846672923427057200e-04
1.492876377710457552e-04
1.195867202403697895e-04
9.498975543674750778e-05
7.481791225183423888e-05
5.860596930698980836e-05
4.558694211330017440e-05
3.525296594216998064e-05
2.711947907456375403e-05
2.086714842561724083e-05
1.594261879264006386e-05
1.220263840633190101e-05
9.344687528402151067e-06
7.187948474393615056e-06
5.534961964951106228e-06
4.328214598660010752e-06
3.377023704772552529e-06
2.676391260691492675e-06
2.140005140810925053e-06
1.710020183202228254e-06
1.371888156707979326e-06
1.125602734733453491e-06
9.537838578023145543e-07
7.923423794659601436e-07
6.830484227741768493e-07
5.970011053314174667e-07
5.462803919263101300e-07
5.022245040149102015e-07
4.681735592628545289e-07
4.403515550019146371e-07
4.224945372130434641e-07
4.081671048035353286e-07
4.030392134371290261e-07
3.881300191648913064e-07
3.847685316587231652e-07
3.842187051454777461e-07
3.828861578287885907e-07
3.808158944291119992e-07
3.785392758682287993e-07
3.756840736002146844e-07
3.703717616266751912e-07
3.700153138673662565e-07
3.699955558814776747e-07
3.698665195034963832e-07
3.683840500593394170e-07
3.677006511962353219e-07
3.669058204045266026e-07
3.665538792915338106e-07
3.662745547711699362e-07
3.659916157572390827e-07
3.658549382710672484e-07
3.651172312755043918e-07
3.643354783294537294e-07
3.640143834665279656e-07
3.639651524035273820e-07
3.603895608004781687e-07
3.573912081068112656e-07
3.517967406293898895e-07
3.515055886505700993e-07
3.515228192928907276e-07
3.512403285060276331e-07
3.506913036427695631e-07
3.500457721265438669e-07
3.486980874917156371e-07
3.484629923318894115e-07
3.482527027795352402e-07
3.473490456075914239e-07
3.472166817155667493e-07
3.470068159243277963e-07
3.470221607233128733e-07
3.441605626246606000e-07
3.440812895888636166e-07
3.438739677835283051e-07
3.438149914696923745e-07
3.431220453246651592e-07
3.428332295208272387e-07
3.425781914698483190e-07
3.394358279440522903e-07
3.390657545917009876e-07
3.388648512078949454e-07
3.388037781574375205e-07
3.383046541953266974e-07
3.384415599808990888e-07
3.382991793408781839e-07
3.379857098741574003e-07
3.378554452916863069e-07
3.375335334947628336e-07
3.375749276916961079e-07
3.373466035396717948e-07
3.373830962508086544e-07
3.367364917698400947e-07
3.368472873966599250e-07
3.367960636524224266e-07
3.366105040791935801e-07
3.362317417696022803e-07
3.362369914307775467e-07
3.355117346210570059e-07
3.327593055802861686e-07
3.324036354265904514e-07
3.292074704680642677e-07
3.292070464751586422e-07
3.289978142308690530e-07
3.289821280841863020e-07
3.287471828200958411e-07
3.285594342337225789e-07
3.283453332931422311e-07
3.279965830906832066e-07
3.272845233926247575e-07
3.272276111797804820e-07
3.269819926894080634e-07
3.268412156621300429e-07
3.267782518482937296e-07
3.230893386216173603e-07
3.228054167016485411e-07
3.223252205996479489e-07
3.215918817426045883e-07
3.207987993685535098e-07
3.205600269577767295e-07
3.206559963151712137e-07
3.191512562781304142e-07
3.187484355212906046e-07
3.181735507970893002e-07
3.174506355841674963e-07
3.156891465041562492e-07
3.156878028727476605e-07
3.150817932962260354e-07
3.142752473025641883e-07
3.139171730538711995e-07
3.135102240519292323e-07
3.135774942161362272e-07
3.129009599100158694e-07
3.131954807427887485e-07
3.127683173474803347e-07
3.129240631655987995e-07
3.128611002996269766e-07
3.126594659169322369e-07
3.122643875540800880e-07
3.120206601348580439e-07
3.121240782463355391e-07
3.119836644954537858e-07
3.080937075419920855e-07
3.083745641483807834e-07
3.083771693004397939e-07
3.084606028981371025e-07
3.081016995843330191e-07
3.077381877629678018e-07
3.078407431395722669e-07
3.078977728599896020e-07
3.072387189468573669e-07
3.052055506168913647e-07
3.046913540768361045e-07
3.040056918259028303e-07
3.037438930559681575e-07
3.033348898790630784e-07
3.034402344059761926e-07
3.034078720476366549e-07
3.014009281992882346e-07
2.987588121242229287e-07
2.983541631493349609e-07
2.973896139463502243e-07
2.964718630002449931e-07
2.953308165710824577e-07
2.945646624548372464e-07
2.936324615748769697e-07
2.934263735099894580e-07
2.912190005512767910e-07
2.910896927710667336e-07
2.909595988993936425e-07
2.905574269597985056e-07
2.890095800134116851e-07
2.845543359082782923e-07
2.843428062958713397e-07
2.835054991585142289e-07
2.834030264525944017e-07
2.831855320276274902e-07
2.814307045338320451e-07
2.809267416863826122e-07
2.794895139138260515e-07
2.758293941991177799e-07
2.746681740139739830e-07
2.742733552483614696e-07
2.701501603508623467e-07
2.702928000829207796e-07
2.705192188623963633e-07
2.702792068130746955e-07
2.698267365597338174e-07
2.692351210217144612e-07
2.694884399954982503e-07
2.686208486085943752e-07
2.685967232091194982e-07
2.685521105145542350e-07
2.677833721878704610e-07
2.674964064618855497e-07
2.675941435361708727e-07
2.665376831017331724e-07
2.650138279052518785e-07
2.647332447704415057e-07
2.629794049411259711e-07
2.595224135953101628e-07
2.559507813607401485e-07
2.525419301730867590e-07
2.525373112064969942e-07
2.530859309710623453e-07
2.510411114910851489e-07
2.505275292451384194e-07
2.493769220547263010e-07
2.487520193139204347e-07
2.487674034730865088e-07
2.477842057492519598e-07
2.484092010072635183e-07
2.475133104694895182e-07
2.473749534859289232e-07
2.477085912092466883e-07
2.457082881032074489e-07
2.429936942657501157e-07
2.418221307781895254e-07
2.427052870621816786e-07
2.402158603106111972e-07
2.388889527873173367e-07
2.386028532234466085e-07
2.381038203956489917e-07
2.379009899432703099e-07
2.378175766428914321e-07
2.316850756743133543e-07
2.257409085734490808e-07
2.239240998349983055e-07
2.234382025332949978e-07
2.206964792052277156e-07
2.177486459920687139e-07
2.149617080186851918e-07
2.153287441782817012e-07
2.120468620877852723e-07
2.100085884224971215e-07
2.094611614734195525e-07
2.083010349671221264e-07
2.071529528108058114e-07
2.048610488159436213e-07
2.024925399630054499e-07
2.021316195600614346e-07
1.991399090226786281e-07
1.961013341783717821e-07
1.960815375231369018e-07
1.962620362058000605e-07
1.927731152433943304e-07
1.909721754121157780e-07
1.926361419640225312e-07
1.908424139989565899e-07
1.908825261552323439e-07
1.888658890518159299e-07
1.890119427915845030e-07
1.876718656382715142e-07
1.868904843074783697e-07
1.863938826721383686e-07
1.861543928983060549e-07
1.846716274221721507e-07
1.836231412569668050e-07
1.815143415692460168e-07
1.800202654678592325e-07
1.784444478044849337e-07
1.793762028191302220e-07
1.782441783118872472e-07
1.767159377063432252e-07
1.764525204550933898e-07
1.754302527819341945e-07
1.746948856872096059e-07
1.754229297162528890e-07
1.752543242589162928e-07
1.758388188677641236e-07
1.729770380935669981e-07
1.729605981422492378e-07
1.729692890672006639e-07
1.730910759275573838e-07
1.709472069495266949e-07
1.701926098278329919e-07
1.709246483620233083e-07
1.708030968341880649e-07
1.712316475210048548e-07
1.704882319037605191e-07
1.691921442319452986e-07
1.669824050207125159e-07
1.689225413598424783e-07
1.687492375352891784e-07
1.675886294385204813e-07
1.653527356500595679e-07
1.660489502470297582e-07
1.641391186451891942e-07
1.632458399653309217e-07
1.645330798555121478e-07
1.659740943314406286e-07
1.663526096616906424e-07
1.642860223155584120e-07
1.633193107674095683e-07
1.609071680028910559e-07
1.622201533515739472e-07
1.595776601326603270e-07
1.617431126912976322e-07
1.591339883188874801e-07
1.583864669550597931e-07
1.589092350376461039e-07
1.578572171832776821e-07
1.570466549871378932e-07
1.551162820482457936e-07
1.555414825405693109e-07
1.540732210143712509e-07
1.506878049013922490e-07
1.516178733152993762e-07
1.513523321591019085e-07
1.526095209533048976e-07
1.509092472908645902e-07
1.524815130270271360e-07
1.513404316632063687e-07
1.516624631034759110e-07
1.589760905131078524e-07
1.465524360869418384e-07
1.481943888465878195e-07
1.485205213889220531e-07
1.531493872403514136e-07
1.498886533784124571e-07
1.531842109867647147e-07
1.514191938841094847e-07
1.503182888007835411e-07
1.583566453714584400e-07
1.583745120169835304e-07
1.584654167552098742e-07
1.663991567052299870e-07
1.662178956858864406e-07
1.660259194684079538e-07
1.595384365236024713e-07
1.657579190721060007e-07
1.726943165801005254e-07
1.819000171472519296e-07
