3.211501131751586029e-05
1.991130701685985167e-03
3.950146392054450402e-03
5.909162082422898289e-03
7.868177772791364391e-03
9.827193463159857381e-03
1.178620915352835211e-02
1.374522484389684857e-02
1.570424053426526176e-02
1.766325622463366107e-02
1.962227191500206039e-02
2.158128760537046317e-02
2.354030329573885902e-02
2.549931898610725833e-02
2.745833467647565765e-02
2.941735036684418533e-02
3.137636605721277200e-02
3.333538174758136213e-02
3.529439743794995227e-02
3.725341312831854240e-02
3.921242881868713254e-02
4.117144450905571573e-02
4.313046019942431281e-02
4.508947588979289600e-02
4.704849158016149308e-02
4.900750727053007627e-02
5.096652296089866641e-02
5.292553865126726348e-02
5.488455434163584667e-02
5.684357003200442987e-02
5.880258572237302001e-02
6.076160141274161014e-02
6.272061710311020721e-02
6.467963279347878347e-02
6.663864848384737360e-02
6.859766417421596374e-02
7.055667986458455387e-02
7.251569555495314401e-02
7.447471124532173414e-02
7.643372693569032428e-02
7.839274262605891441e-02
8.035175831642750455e-02
8.231077400679609468e-02
8.426978969716468482e-02
8.622880538753327495e-02
8.818782107790186509e-02
9.014683676827045522e-02
9.210585245863904535e-02
9.406486814900762161e-02
9.602388383937622562e-02
9.798289952974481576e-02
9.994191522011339202e-02
1.019009309104819822e-01
1.038599466008505862e-01
1.058189622912191624e-01
1.077779779815877526e-01
1.097369936719563566e-01
1.116960093623249328e-01
1.136550250526935230e-01
1.156140407430621131e-01
1.175730564334306893e-01
1.195320721237992795e-01
1.214910878141678835e-01
1.234501035045364598e-01
1.254091191949050499e-01
1.273681348852736261e-01
1.293271505756422302e-01
1.312861662660108064e-01
1.332451819563794104e-01
1.352041976467480144e-01
1.371632133371165907e-01
1.391222290274851670e-01
1.410812447178537710e-01
1.430402604082223750e-01
1.449992760985909512e-01
1.469582917889595275e-01
1.489173074793281315e-01
1.508763231696967078e-01
1.528353388600653118e-01
1.547943545504338880e-01
1.567533702408024920e-01
1.587123859311710683e-01
1.606714016215396446e-01
1.626304173119082486e-01
1.645894330022768526e-01
1.665484486926454288e-01
1.685074643830140051e-01
1.704664800733826091e-01
1.724254957637511854e-01
1.743845114541197894e-01
1.763435271444883934e-01
1.783025428348569419e-01
1.802615585252255459e-01
1.822205742155941499e-01
1.841795899059627262e-01
1.861386055963313302e-01
1.880976212866999342e-01
1.900566369770684827e-01
1.920156526674370867e-01
1.939746683578056907e-01
1.959015690368567653e-01
