7.874828996582898186e-03
5.276788351295273391e-03
4.087021859550390643e-03
3.264702499828989364e-03
2.660285458089083239e-03
2.202162736644160731e-03
1.842371572535296716e-03
1.553112229794356442e-03
1.319683993322117799e-03
1.129186630179599164e-03
9.739730525114152944e-04
8.449127413665854895e-04
7.369011116816447104e-04
6.468806134931502291e-04
5.733119575753037322e-04
5.139947061219849248e-04
4.669730355224167980e-04
4.304440957348122632e-04
4.020923884134592176e-04
3.797936904879114909e-04
3.612843674160479092e-04
3.452689785232351252e-04
3.310741822684092365e-04
3.181753641005042178e-04
3.063238703005233808e-04
2.955019960403985858e-04
2.854815890712873272e-04
2.761213632542324067e-04
2.674363449907931137e-04
2.593378929749783589e-04
2.516792033893909823e-04
2.444766150542493203e-04
2.376417833669858053e-04
2.311781250703271026e-04
2.251041483198930749e-04
2.193790502384590241e-04
2.138918625423806346e-04
2.087735380278537027e-04
2.039768030750300598e-04
1.994976402311211339e-04
1.952073357749552608e-04
1.912043439800072868e-04
1.874788739282566758e-04
1.840077817098929446e-04
1.807581642351485315e-04
1.777784584564396861e-04
1.748832376121866531e-04
1.722444595954375805e-04
1.698100748093542430e-04
1.676231617606865150e-04
1.656346457813788996e-04
1.637688154372097073e-04
1.620957153073796929e-04
1.605794884428773397e-04
1.592111956431480622e-04
1.579563142558462838e-04
1.568780181354560255e-04
1.558263409249788353e-04
1.549130839138423857e-04
1.541521944741861146e-04
1.534760420930039878e-04
1.528410477645017137e-04
1.522880002688099474e-04
1.517938744921642309e-04
1.513759022082465135e-04
1.510301466379544060e-04
1.506643269408811938e-04
1.503701622787143770e-04
1.501299957166964442e-04
1.499204868567177024e-04
1.497329908393878824e-04
1.495890597345316865e-04
1.494373999547061668e-04
1.493201037893084602e-04
1.492205126708019268e-04
1.491555082092963056e-04
1.490900266441364387e-04
1.490287670539060662e-04
1.489848998552231946e-04
1.489406865971258545e-04
1.489164564491436682e-04
1.488782338682919672e-04
1.488565481477570286e-04
1.488379803015052797e-04
1.488264515773471451e-04
1.488108318538885946e-04
1.488011117754328770e-04
1.487901313974557315e-04
1.487825780594731722e-04
1.487738369296889569e-04
1.487565610746832115e-04
1.487384155496656256e-04
1.487160769694980669e-04
1.486975922179791811e-04
1.486640175298983618e-04
1.485744571490794192e-04
1.485402478938213666e-04
1.484776078102427238e-04
1.484160042682759013e-04
1.483826878288643032e-04
1.483690695678030176e-04
