7.849033719776857959e-03
6.756248955113937880e-03
6.047241442419884656e-03
5.493970482107827548e-03
5.034378652672198348e-03
4.646854658013786429e-03
4.303300860165554589e-03
3.996611159898687780e-03
3.723476813553761988e-03
3.476556385751352739e-03
3.251074938080128832e-03
3.044296089654064709e-03
2.855206459202612457e-03
2.683849608532190220e-03
2.527981670462266326e-03
2.385524179849399240e-03
2.254543020977743326e-03
2.133386320588849007e-03
2.020239381545528307e-03
1.914585885670560660e-03
1.816551157174647879e-03
1.725666372896715291e-03
1.641502764286691205e-03
1.563386967086349963e-03
1.490442244377889911e-03
1.422109007287898326e-03
1.358062700637704045e-03
1.298072959133942349e-03
1.241804123358412025e-03
1.188952202707665171e-03
1.139668896067833580e-03
1.093206424886092668e-03
1.050165454550011602e-03
1.009761118644160764e-03
9.719080976388303492e-04
9.362767678243844689e-04
9.031368650346740124e-04
8.722083681754514654e-04
8.432170967889519083e-04
8.158069776618909804e-04
7.902609438447568942e-04
7.665392118918731889e-04
7.444346402739401847e-04
7.236114378704301079e-04
7.033772487771967983e-04
6.845603240405535774e-04
6.666113735925244341e-04
6.499713988243642146e-04
6.342111328770049482e-04
6.196796657123805532e-04
6.061293435529740026e-04
5.935700450793994932e-04
5.819191348564455328e-04
5.706967290513668967e-04
5.594958557018206219e-04
5.482205717853907154e-04
5.385802136171587758e-04
5.291057810826141523e-04
5.201819789369550298e-04
5.119494832207287715e-04
5.035822016168479227e-04
4.959875587765920878e-04
4.886374979145654716e-04
4.817052178224810505e-04
4.751738132791758417e-04
4.684789219601849367e-04
4.621791315446359232e-04
4.564483797570419795e-04
4.510156255278560526e-04
4.457658303354567896e-04
4.405201131266058110e-04
4.356816840437269809e-04
4.309351598207286117e-04
4.263889429830093700e-04
4.219378308115019475e-04
4.175970818420619022e-04
4.134694886652618144e-04
4.094519391920536846e-04
4.055996573129511703e-04
4.017200584202656371e-04
3.979483815543122531e-04
3.943969682755388870e-04
3.909064236845602555e-04
3.871013419968427844e-04
3.837559710206710434e-04
3.805390902811917530e-04
3.773067858000686732e-04
3.740993690020161418e-04
3.709584155731435596e-04
3.679385548666213993e-04
3.649987971945777162e-04
3.621008941113067138e-04
3.592760371621784524e-04
3.565853473841742441e-04
3.538604624529311502e-04
3.512105440144059178e-04
3.485863015895946195e-04
3.460206593659105557e-04
3.434991971735181665e-04
3.410000256960214228e-04
3.385317244046852597e-04
3.360976592075677009e-04
3.337698059121914015e-04
3.314295805731797017e-04
3.290788434864712168e-04
3.268302348583349416e-04
3.245922061068391273e-04
3.224341395997678585e-04
3.202772555452246261e-04
3.181443613388194023e-04
3.160917733001213179e-04
3.138929735597435875e-04
3.117555346668824225e-04
3.097351526046353645e-04
3.077340860367009214e-04
3.051238871176136609e-04
3.030927923556110595e-04
3.011258881717328978e-04
2.991982943380972751e-04
2.973444529491652672e-04
2.954447205870496234e-04
2.935874073866508280e-04
2.917179549961578227e-04
2.899293404617985870e-04
2.881501174634115941e-04
2.863809025895867628e-04
2.846231425240612536e-04
2.828668068273100392e-04
2.811510375194093379e-04
2.794192460188313267e-04
2.777130275395295919e-04
2.760439203959287016e-04
2.743822874728673320e-04
2.727514432718579178e-04
2.711331111142715458e-04
2.695385772135647532e-04
2.678549271011660066e-04
2.662496185338991531e-04
2.646762917030948776e-04
2.631176306631238240e-04
2.615447320024789782e-04
2.596967150184816670e-04
2.581170187282812774e-04
2.566122633090990547e-04
2.551070515720004904e-04
2.536183922643113616e-04
2.521751726002211609e-04
2.507176176988067822e-04
2.492899763117860054e-04
2.478479501156491210e-04
2.464463930701932476e-04
2.450581804775867436e-04
2.436533313339763753e-04
2.422502771326883863e-04
2.408426281404840263e-04
2.394774963221976531e-04
2.380473869253628362e-04
2.366857216497063429e-04
2.353485403883151474e-04
2.340080859548389087e-04
2.327204409971526488e-04
2.314212750768413157e-04
2.301249580686616579e-04
2.288665323975368237e-04
2.276081256468859824e-04
2.263714499579109422e-04
2.251189844563169032e-04
2.238786194182556199e-04
2.226426769181706871e-04
2.214186977482600490e-04
2.202006719415650646e-04
2.189815631854489424e-04
2.177830021790078271e-04
2.165817948713631800e-04
2.154074206194333597e-04
2.142383884147516738e-04
2.130901257740130657e-04
2.119631452029494532e-04
2.108395461732170235e-04
2.097176844015149241e-04
2.086132482944920256e-04
2.075038634341275223e-04
2.064020907490911100e-04
2.052958968741424499e-04
2.042049499251216748e-04
2.025742502820969296e-04
2.013610320473583910e-04
2.002772829306713031e-04
1.992035662672193776e-04
1.981545876511966119e-04
1.971175933811900396e-04
1.959712227135736553e-04
1.949298742017845467e-04
1.939080516133511942e-04
1.928987917782117023e-04
1.919106831573864252e-04
1.909211922828013726e-04
1.899339485737828483e-04
1.889277561230549851e-04
1.878718351332063952e-04
1.869091909663926512e-04
1.859638210723433432e-04
1.849985311027272468e-04
1.840597028287032841e-04
1.831201036200231201e-04
1.822058587047943449e-04
1.806930082331467213e-04
1.797508144863453985e-04
1.788487254988920883e-04
1.779279787448666533e-04
1.770355445398601180e-04
1.761571921796636496e-04
1.752286951198571928e-04
1.743585230105457065e-04
1.734703629685538449e-04
1.725973039336652103e-04
1.717581537503800129e-04
1.709001988481239547e-04
1.700657267205904217e-04
1.692422521802260322e-04
1.684028647918906906e-04
1.675727834589951087e-04
1.666915682329448898e-04
1.658946482546473709e-04
1.650792001289390245e-04
1.642847207547283085e-04
1.635037967102885180e-04
1.627355930316842585e-04
1.619720753039386222e-04
1.612124588516873191e-04
1.604633008665682162e-04
1.595986238169022674e-04
1.588482979979403780e-04
1.580466333880206999e-04
1.572612755368699969e-04
1.565105334098774157e-04
1.557902493222326702e-04
1.550783596324260610e-04
1.543705776149600407e-04
1.536777454917269295e-04
1.529817322413515150e-04
1.522598238841380437e-04
1.515607299123318758e-04
1.508840243179996275e-04
1.501198199060101547e-04
1.494209606072545644e-04
1.487573540148331129e-04
1.481069418593854679e-04
1.474552969182877304e-04
1.468042135270178708e-04
1.461663961114660116e-04
1.455411878969956052e-04
1.449173329106224855e-04
1.443006705470173639e-04
1.436730798487581985e-04
1.430651674211238665e-04
1.422414096963370322e-04
1.416088043037167714e-04
1.410035238653656428e-04
1.404094270004957836e-04
1.395780797621424044e-04
1.389257659317515376e-04
1.383364820258654014e-04
1.377699196393985029e-04
1.372028079808350755e-04
1.364841699790789653e-04
1.359180042949595249e-04
1.353670624396993325e-04
1.348289603278584985e-04
1.342902799737516917e-04
1.337500944917777905e-04
1.332027050025426352e-04
1.326710201235944725e-04
1.321357067528330096e-04
1.316141653932608043e-04
1.311093665758026662e-04
1.305931171702206302e-04
1.300924952643371104e-04
1.294896558958375540e-04
1.289869671148776169e-04
1.284504529879148703e-04
1.279628925083656265e-04
1.273838594740014463e-04
1.268290362553744230e-04
1.263515889521883663e-04
1.258712885754996252e-04
1.254092282186315384e-04
1.249607723838254869e-04
1.245137227962636833e-04
1.240571505230438532e-04
1.235906122205894108e-04
1.231554688676900981e-04
1.227274547408009966e-04
1.222808345482761627e-04
1.218447623484521957e-04
1.214288165551978782e-04
1.210152289912040836e-04
1.205931448050370769e-04
1.201859922106473995e-04
1.197545160627215739e-04
1.191637021804046797e-04
1.187312945970621570e-04
1.183147989739641434e-04
1.179300829790449448e-04
1.174129487071347630e-04
1.168926581203748251e-04
1.165083968537408449e-04
1.161164307163378782e-04
1.157228162560755493e-04
1.153566284057738669e-04
1.149931428956541462e-04
1.146153554302697020e-04
1.142586004577190854e-04
1.138349521548185397e-04
1.134855248416207001e-04
1.129413227237262708e-04
1.124858742812206666e-04
1.121336150997409223e-04
1.117857669567126448e-04
1.114529952222968696e-04
1.111244738127073733e-04
1.108046944609130427e-04
1.104888894450419950e-04
1.101786865160767894e-04
1.098755524054760449e-04
1.095697513138228492e-04
1.092671029082696702e-04
1.089705733566692392e-04
1.086608267916378321e-04
1.083277318437936233e-04
1.080150859768594634e-04
1.077134200694670210e-04
1.074314796937423646e-04
1.071495605247428862e-04
1.068804142208512023e-04
1.066121623646509821e-04
1.063298117197263650e-04
1.060683936651989106e-04
1.058052867620381409e-04
1.055533784977745015e-04
1.052088223079301221e-04
1.048654735952100794e-04
1.045665856855333307e-04
1.043177136025190058e-04
1.040525113373998167e-04
1.038067327753607776e-04
1.035175140545791146e-04
1.032832384364700923e-04
1.030518491722010076e-04
1.028309777127576683e-04
1.024187655959541674e-04
1.021863959658468628e-04
1.019677018634019189e-04
1.017497979434407919e-04
1.015119688696927919e-04
1.012741250097277685e-04
1.010061218126790452e-04
1.007899898737009517e-04
1.005746525177827566e-04
1.003582151234056109e-04
1.001489399355858027e-04
9.991712903904684858e-05
9.971008694014175076e-05
9.952664778734630175e-05
9.934468160883482002e-05
9.916607982165141018e-05
9.897005952705022300e-05
9.878541629306795328e-05
9.861091115035071797e-05
9.844643094351967843e-05
9.827906695724898884e-05
9.810352754426824445e-05
9.781695866975874366e-05
9.751691866905911146e-05
9.735644104723110666e-05
9.720629144386016543e-05
9.700838870490981582e-05
9.680969804959580209e-05
9.662298064876578873e-05
9.648260662096728708e-05
9.627862393646353250e-05
9.611446488422973938e-05
9.597976588085341742e-05
9.582604254792355879e-05
9.560620237409203170e-05
9.544479965201260524e-05
9.531228719787789092e-05
9.517078414466238181e-05
9.491213088304989703e-05
9.472534611142556982e-05
9.457690791017273968e-05
9.442776027502801470e-05
9.431396455683336102e-05
9.420789438054579423e-05
9.403317399702915906e-05
9.392283922031220711e-05
9.381414211180418342e-05
9.370244575398353434e-05
9.359899900378481437e-05
9.348548614535617958e-05
9.338200734978195118e-05
9.329548818390861543e-05
9.321323414007598343e-05
9.312169063248596542e-05
9.300123333876122208e-05
9.292136887816052060e-05
9.281852630419173402e-05
9.271911127713578513e-05
9.262429725012360344e-05
9.252541136416735199e-05
9.244313982861252442e-05
9.237499373170797142e-05
9.227840985499144379e-05
9.217810405644149348e-05
9.205472781399022444e-05
9.197028395267989342e-05
9.183516417747070843e-05
9.176629266217627427e-05
9.170361818237110962e-05
9.150445745747361811e-05
9.144218792244070712e-05
9.133137794307371173e-05
9.125084276568464034e-05
9.118381404946136845e-05
9.111587436385666519e-05
9.105451100267032607e-05
9.099192102042661572e-05
9.093604869705807566e-05
9.084246719152167047e-05
9.077807088463696349e-05
9.071422185860506773e-05
9.065463432932625138e-05
9.060191219020433508e-05
9.055717311893919457e-05
9.051508979849807459e-05
9.047279850236119387e-05
9.043298166114625543e-05
9.037357427394005752e-05
9.029766319578842661e-05
9.025010534330348228e-05
9.020809842134151226e-05
9.015815124358011893e-05
9.010303004956880498e-05
9.000230789164837117e-05
8.995260411150941512e-05
8.989784606981923612e-05
8.986392644139444205e-05
8.982713142276815463e-05
8.973014607621760601e-05
8.970112704953128290e-05
8.966518775169322376e-05
8.961212864237825268e-05
8.953056213847410735e-05
8.950300332613530640e-05
8.947723362415056715e-05
8.943350575201758595e-05
8.940870810021898528e-05
8.938792118231073244e-05
8.933498776888167136e-05
8.929373897025263854e-05
8.923193143358037029e-05
8.916654415193329031e-05
8.908278541072892488e-05
8.902155972775187308e-05
8.899616653614223025e-05
8.897618772845338440e-05
8.895363378754223720e-05
8.893647966435519524e-05
8.891199660756679318e-05
8.888655729388417908e-05
8.886593346918710370e-05
8.884617717369918332e-05
8.882253087446682059e-05
8.880699881333773251e-05
8.873323262393758811e-05
8.870880521101282121e-05
8.869536665922143459e-05
8.867702721707698579e-05
8.864231163167903536e-05
8.862639032639855075e-05
8.857737625764441479e-05
8.854959774943212765e-05
8.853693766422579905e-05
8.852404912647909743e-05
8.850186587134123233e-05
8.848807314219443308e-05
8.847840204833447341e-05
8.847048837328521070e-05
8.843954405003765775e-05
8.841884270892067725e-05
8.840817921113243623e-05
8.839893353809474429e-05
8.838344378101732960e-05
8.834222562204161399e-05
8.828467941829873150e-05
8.827009013707031360e-05
8.825608381758009080e-05
8.824656196935072854e-05
8.820871388710892561e-05
8.819337822235895049e-05
8.818599281527363370e-05
8.817602689405610521e-05
8.817069651601269005e-05
8.816638547071616050e-05
8.814648727458589421e-05
8.812987259782787991e-05
8.812439794057667529e-05
8.812068424356202787e-05
8.808941711906804865e-05
8.807841903932577346e-05
8.807492469236060263e-05
8.807289448047500623e-05
8.806748109410749976e-05
8.806588937169894491e-05
8.806111696807117036e-05
8.805554036532739070e-05
8.805044022934310419e-05
8.804720784394366772e-05
8.804546716022936589e-05
8.804359261782115941e-05
8.803992855719747028e-05
8.803841776178375717e-05
8.803006791447743652e-05
8.802754822545697715e-05
8.802513647074151188e-05
8.802254553470698604e-05
8.802108058104749367e-05
8.801649256660591691e-05
8.800995538909269845e-05
8.800933024380248242e-05
8.800753232482846314e-05
8.800510949853723990e-05
8.800421706645083922e-05
8.800165421174797984e-05
8.800034185616666333e-05
8.799586360921534984e-05
8.799394224667358489e-05
8.799275921527359640e-05
8.798881154105462482e-05
8.798594686615146326e-05
8.798277017969230560e-05
8.797702451260163965e-05
8.797575083657451162e-05
8.797450666064683612e-05
8.796948307662878590e-05
8.795662920790330529e-05
8.795497284826833879e-05
8.795408948985510673e-05
8.794870544340023402e-05
8.792464798192630208e-05
8.791178012527608423e-05
8.784727989636853464e-05
8.782822915538067909e-05
8.780887988725333238e-05
8.780378543162857606e-05
8.779505032950913755e-05
8.773222005771180525e-05
8.767510691138476425e-05
8.767425094968879192e-05
8.766913426326379999e-05
8.766839856297318112e-05
8.766100770621602261e-05
8.765732071436050960e-05
8.765044645951925947e-05
8.764657178278059495e-05
8.763931948600696452e-05
8.762010983406999856e-05
8.761527532241129336e-05
8.755898569519029616e-05
8.755084827620970562e-05
8.753889877092678375e-05
8.751214166028186477e-05
8.749127133366897268e-05
8.745460065947007226e-05
8.741574981301357449e-05
8.735934954111315069e-05
8.733083809895456789e-05
8.729375949497749461e-05
8.726180381954962172e-05
8.722908514314192772e-05
8.720856966515564660e-05
8.719906841737902448e-05
8.719414575859629280e-05
8.717185886743461986e-05
8.715691062441074683e-05
8.714513410741628655e-05
8.713007602475383536e-05
8.711507584491900416e-05
8.704973844786860818e-05
8.703485899460769708e-05
8.701825419626733318e-05
8.689483965536946961e-05
8.688409692627621292e-05
8.686275962550570908e-05
8.686511108185190357e-05
8.682091117382863428e-05
8.679476669485358307e-05
8.678111314904489709e-05
8.675561433632107743e-05
8.675592015234507106e-05
8.667844704625493981e-05
8.668042386949373411e-05
8.663324024750416422e-05
8.662641199733847413e-05
8.663870536175663983e-05
8.659797595994901708e-05
8.664283500011566981e-05
8.659611974801072437e-05
8.658720823902295196e-05
8.659035741618534851e-05
8.657265698038590289e-05
8.660214071932210848e-05
8.658746777645392730e-05
8.673536861810586301e-05
8.695799140979040495e-05
8.693387591844457677e-05
8.730382736627054783e-05
8.752502270594919467e-05
8.830938058397152114e-05
8.880917614448962901e-05
8.980219297463805112e-05
