1.185026038724063934e-03
1.044261047109235670e-03
9.373985060998573206e-04
8.486587654522471241e-04
7.727056369489385210e-04
7.062016994639224885e-04
6.480101198097390318e-04
5.967816874878583127e-04
5.514646543946510882e-04
5.112318588919934547e-04
4.754242162506941167e-04
4.437466841925829229e-04
4.155405072916040104e-04
3.903680232323114606e-04
3.679306299019306737e-04
3.478088583555841076e-04
3.297987626923649549e-04
3.136654466989152431e-04
2.991542165985565166e-04
2.861358456362893157e-04
2.743540374786268467e-04
2.637153279758949558e-04
2.540376437658776630e-04
2.452496222416777351e-04
2.372687573976716043e-04
2.300009524833739451e-04
2.233771163218153792e-04
2.173107867735374788e-04
2.117630200984624029e-04
2.066860884044782157e-04
2.020460786862891703e-04
1.977981471978090149e-04
1.938916170708859701e-04
1.902692807262908637e-04
1.868681059196676498e-04
1.836532904946586945e-04
1.806079204645950073e-04
1.777112914277454000e-04
1.749457007662536727e-04
1.722972052147872957e-04
1.697593200752410092e-04
1.673294892331353369e-04
1.649882182247249115e-04
1.627252765170132101e-04
1.605345714904291628e-04
1.584110697143370982e-04
1.563484949838530604e-04
1.543452337301760152e-04
1.523978081325287213e-04
1.505025909603905168e-04
1.486579195045068067e-04
1.468579227486882977e-04
1.451002506301020704e-04
1.433845705817941147e-04
1.417076762258602236e-04
1.400708632662819235e-04
1.384722786146487929e-04
1.369066742003142360e-04
1.353771009063237715e-04
1.338807709274615024e-04
1.324149066619105845e-04
1.309828057501102427e-04
1.295799598306598044e-04
1.282062944400912715e-04
1.268623693393682451e-04
1.255487233124046931e-04
1.242625491288737037e-04
1.230035638451666300e-04
1.217706813024335585e-04
1.205664226399807493e-04
1.193865106851062485e-04
1.182329394488636746e-04
1.171041648240788195e-04
1.159987862184807915e-04
1.149157632728314881e-04
1.138573889347263351e-04
1.128201391942496669e-04
1.118063134941468269e-04
1.108134040566443690e-04
1.098410837734656569e-04
1.088889788085964491e-04
1.079579096199488993e-04
1.070451514789194848e-04
1.061517872169521413e-04
1.052772952417674508e-04
1.044201196363905767e-04
1.035804047068406930e-04
1.027564332175292633e-04
1.019486918008559201e-04
1.011549556079201608e-04
1.003758062151397060e-04
9.961212138206225974e-05
9.886196296122672317e-05
9.812604783935082321e-05
9.740232261323355893e-05
9.669285912890102498e-05
9.599537789156308498e-05
9.530882068290245761e-05
9.463473526312653585e-05
9.397314111792731033e-05
9.332299697003233947e-05
9.268378870527935675e-05
9.205508989096080317e-05
9.143749660045281567e-05
9.082871315489187574e-05
9.023079036454674062e-05
8.964277498926791633e-05
8.906394676320492760e-05
8.849376488149575447e-05
8.793319574748220170e-05
8.738147904911551652e-05
8.683906943312461426e-05
8.630411741358150809e-05
8.577827222259849847e-05
8.526077757972359860e-05
8.474983770452084733e-05
8.424599516464551798e-05
8.374740075291935756e-05
8.325717801833091734e-05
8.277337334500743139e-05
8.229689151694566135e-05
8.182621218391278642e-05
8.136009891760455609e-05
8.090062257229776619e-05
8.044621948324532138e-05
7.999781259751535844e-05
7.955286578914914106e-05
7.911379367712053907e-05
7.867971767952688770e-05
7.825062663428708053e-05
7.782657229057417952e-05
7.740749564576122237e-05
7.699172715878634533e-05
7.658006948249644575e-05
7.617338626212589894e-05
7.577191608319097074e-05
7.537459936713634002e-05
7.498100727181888166e-05
7.459044775851581400e-05
7.420614716177609260e-05
7.382415187733395480e-05
7.344701180705525551e-05
7.307399597879750603e-05
7.270445986376885064e-05
7.233779479111555302e-05
7.197628108765707347e-05
7.161897488343804598e-05
7.126462823263303035e-05
7.091422900720286879e-05
7.056640988000396268e-05
7.022409890522366208e-05
6.988568402362918715e-05
6.955053332615691549e-05
6.921886507606578114e-05
6.889116232069963485e-05
6.856707886900520823e-05
6.824635296316485032e-05
6.792991300311487606e-05
6.761598265304024583e-05
6.730749277453210101e-05
6.700288604469091199e-05
6.670225368409169061e-05
6.640490702406187933e-05
6.611111600168935139e-05
6.582267000251693513e-05
6.553689239144249779e-05
6.525600346974068941e-05
6.497898429836093041e-05
6.470573843337378581e-05
6.443486951871522201e-05
6.416822914318523377e-05
6.390582223753854595e-05
6.364641632801472664e-05
6.339103449813868348e-05
6.313976644520357501e-05
6.289299880414845885e-05
6.265044750252047765e-05
6.241184370453251723e-05
6.217679263302767654e-05
6.194530659079218677e-05
6.171804804893858784e-05
6.149560213940832810e-05
6.127634013364077661e-05
6.106161730620940841e-05
6.085019994819836070e-05
6.064301230746518893e-05
6.044055877113902939e-05
6.024152407640956294e-05
6.004747947933299025e-05
5.985574287566820226e-05
5.967008122790753440e-05
5.948773422618619896e-05
5.931002619474438485e-05
5.913589808388226089e-05
5.896546122019918760e-05
5.879984934523200786e-05
5.863802437164221317e-05
5.848077250328349847e-05
5.832660557327984580e-05
5.817720459925132775e-05
5.803092193456118946e-05
5.788873545570636427e-05
5.774891022714612784e-05
5.761278108249013290e-05
5.748121507115370391e-05
5.735438554966068581e-05
5.722895393755878901e-05
5.710818398958446214e-05
5.699126968882485116e-05
5.687745933245385882e-05
5.676631020495546411e-05
5.666037774939764908e-05
5.655786684965688900e-05
5.645768576389113288e-05
5.636162479206037842e-05
5.626820284695555882e-05
5.617855223819223079e-05
5.609184584099394824e-05
5.600761022370408774e-05
5.592711929579915911e-05
5.584924073405773574e-05
5.577361829179574882e-05
5.570136244335999350e-05
5.563147393755728655e-05
5.556479446363642356e-05
5.550137784731669718e-05
5.544085617673130283e-05
5.538168468963631760e-05
5.532582064650358851e-05
5.527116149221239093e-05
5.521860694259673910e-05
5.516918697137778571e-05
5.512197056948465486e-05
5.507679616308733402e-05
5.503453135585118682e-05
5.499420670782890233e-05
5.495533069618796767e-05
5.491866960581681044e-05
5.488427635426136581e-05
5.485181611724714690e-05
5.482135323764199302e-05
5.479256384344015194e-05
5.476532993659787393e-05
5.473962458140672774e-05
5.471504811294809463e-05
5.469238964993317965e-05
5.466971898981651051e-05
5.464902283684708968e-05
5.462945146863306214e-05
5.461071537599833506e-05
5.459367448619146460e-05
5.457631962209857749e-05
5.456018080460328998e-05
5.454480156446037353e-05
5.453067710363973942e-05
5.451705852793728451e-05
5.450379068570046303e-05
5.449167970677972882e-05
5.448028244068288200e-05
5.446910342212002616e-05
5.445903986090633206e-05
5.444954440440968857e-05
5.444015751062648373e-05
5.443205877119532474e-05
5.442328348784859684e-05
5.441593414046377338e-05
5.440884350839709387e-05
5.440227821315086641e-05
5.439614944214286353e-05
5.438997770781220283e-05
5.438509247691431853e-05
5.437987992488594105e-05
5.437553897844146794e-05
5.437003445884199882e-05
5.436683986676764532e-05
5.436264299382551388e-05
5.435910801705416261e-05
5.435647043312267259e-05
5.435296798364369077e-05
5.435001639576985300e-05
5.434703608205428225e-05
5.434540977547321295e-05
5.434439407023905982e-05
5.434317407113106957e-05
5.434214320245297711e-05
5.434092281848381046e-05
5.433976512166290175e-05
5.433869343638240556e-05
5.433785439859498329e-05
5.433712489653897798e-05
5.433661083929338851e-05
5.433599922565797305e-05
5.433540573145658424e-05
5.433476612642807732e-05
5.433412138429071956e-05
5.433337373868636432e-05
5.433295906764720642e-05
5.433269630458648650e-05
5.433215913671469809e-05
5.433140138866083982e-05
5.433121145248315313e-05
