2.069000755457401124e-07
3.020957680666501899e-08
2.056346393186737551e-08
1.773202863468422447e-08
1.628158503632376705e-08
1.601149515238325797e-08
1.600705871244754904e-08
1.584733329013625990e-08
1.584265321708291113e-08
1.583929383136687554e-08
1.583695335909552481e-08
1.583212374856977295e-08
1.582728877357174432e-08
1.540736702000609578e-08
1.539301579456121733e-08
1.538658184179686703e-08
1.534403353213029966e-08
1.534128269140649736e-08
1.533650953732396528e-08
1.533275374093199198e-08
1.532620435719375406e-08
1.531890488945895044e-08
1.531494498145295713e-08
1.530865876762320658e-08
1.530491538679443531e-08
1.529853427963045804e-08
1.529700780550492380e-08
1.529632873317748712e-08
1.529275288936198650e-08
1.528808467175299623e-08
1.528224096522865052e-08
1.527872021111886668e-08
1.527881585185808495e-08
1.527710592020149832e-08
1.525004661442481148e-08
1.522895852100201840e-08
1.522426862592146552e-08
1.522020300481957627e-08
1.521854276335805483e-08
1.521498412929747087e-08
1.521148047004120136e-08
1.521019744987421837e-08
1.520726315508599821e-08
1.520454653215384269e-08
1.520430385150807940e-08
1.520382262132741087e-08
1.519865500918484000e-08
1.517472848922013895e-08
1.517185484727200071e-08
1.512414175951295257e-08
1.498167598503155540e-08
1.491810581220118762e-08
1.488587326539859763e-08
1.487811617634053668e-08
1.487362465542408302e-08
1.487251468793293311e-08
1.484348143785194090e-08
1.482572141954607645e-08
1.482236124820858536e-08
1.482039388028396765e-08
1.481812723379681966e-08
1.481487297365336760e-08
1.481390778490767107e-08
1.480959295000276283e-08
1.480811171427275350e-08
1.480404431662823016e-08
1.480225851414538287e-08
1.480139279278622154e-08
1.480230940356460431e-08
1.480145038435741835e-08
1.480119955331179583e-08
1.480111714210078392e-08
1.479989335709438741e-08
1.478248409974405551e-08
1.477812217851707489e-08
1.477328914984878446e-08
1.476858090763004649e-08
1.475844280435071466e-08
1.475652549837105837e-08
1.471431274545950127e-08
1.471252621006876863e-08
1.470526101746669169e-08
1.470422189823010822e-08
1.470242677465433102e-08
1.468384083893867687e-08
1.468040114706378288e-08
1.467609120653495297e-08
1.466814554364758406e-08
1.466767217734036728e-08
1.466927994177402425e-08
1.458947314685543511e-08
1.458176378386073377e-08
1.452456528618992496e-08
1.452365565513737242e-08
1.452209269648808299e-08
1.451305517176436686e-08
1.450867945477441765e-08
1.450951536274266680e-08
1.450295475908997762e-08
1.448458660478494462e-08
1.448316759394584049e-08
1.448062542518283096e-08
1.444912000876331627e-08
1.444421846383920098e-08
1.444400982993915374e-08
1.444570578362150588e-08
1.444473662899527125e-08
1.444405268185849526e-08
1.444294164923876334e-08
1.444336116339190606e-08
1.444009599462562865e-08
1.443712523527867315e-08
1.443345569834686526e-08
1.443337879945657468e-08
1.442068153833337760e-08
1.441140523868486416e-08
1.440911296230006383e-08
1.440611162661882524e-08
1.440178135904858279e-08
1.432855989846702170e-08
1.432371180272270687e-08
1.430798938082544856e-08
1.430477950018915857e-08
1.430302559178840003e-08
1.426728073655066260e-08
1.426317680692617204e-08
1.426039716353223147e-08
1.425976972572160733e-08
1.425814161874680103e-08
1.425290135786122457e-08
1.424601488340709318e-08
1.422995010909566115e-08
1.422828917192035285e-08
1.422679156579874389e-08
1.422192114378586230e-08
1.422355066665459710e-08
1.421879509117375523e-08
1.419145189023214140e-08
1.417553948744543594e-08
1.417381427801505183e-08
1.416552809821036766e-08
1.415705772883673129e-08
1.414908012103746505e-08
1.415158506533077275e-08
1.414883632652239219e-08
1.413212618896596413e-08
1.410497767121793038e-08
1.410454890580744289e-08
1.410264879239641966e-08
1.410166195690271311e-08
1.409970359014547179e-08
1.408914434791501532e-08
1.408984574161174710e-08
1.408308745122364169e-08
1.405488224762257420e-08
1.402021268478457755e-08
1.402145233533462513e-08
1.401458114870430901e-08
1.399421846133560082e-08
1.397443699333494616e-08
1.395877724042551553e-08
1.394967004369015616e-08
1.394578662294946542e-08
1.394246580275537299e-08
1.394067662483520292e-08
1.393077364157958487e-08
1.392328633946809271e-08
1.389250989778320394e-08
1.387567406477931621e-08
1.386931760790513546e-08
1.387033222280958262e-08
1.386901102033484257e-08
1.383722533523892223e-08
1.382079018886909481e-08
1.381840397703877294e-08
1.380143381680197213e-08
1.378951483527660673e-08
1.378122877914672838e-08
1.372792357702233809e-08
1.363721001661491594e-08
1.361460627993325683e-08
1.360276132031528730e-08
1.358905686595499305e-08
1.357346034766086774e-08
1.357036634476821190e-08
1.354700424013999652e-08
1.353333166535311256e-08
1.352338706925435577e-08
1.351055491908805927e-08
1.350756532757348966e-08
1.350492970517550358e-08
1.348945279507246653e-08
1.348687692205321985e-08
1.347733681024934550e-08
1.347244373176190476e-08
1.346121713232359150e-08
1.345948014309642172e-08
1.345812150483348382e-08
1.343764765570260991e-08
1.343374810911415607e-08
1.343695031172775732e-08
1.343342945812130789e-08
1.340131239281253900e-08
1.340090171448766356e-08
1.339630667664748343e-08
1.339421003625452534e-08
1.339802321923114461e-08
1.339265161488310607e-08
1.333368004991558480e-08
1.330896841381570636e-08
1.330507314397972823e-08
1.329894640217696066e-08
1.328026109649215134e-08
1.325269180801873251e-08
1.325129144973173054e-08
1.324089909921010059e-08
1.324947772877755243e-08
1.322747296121725663e-08
1.320965694048843658e-08
1.320292976321086263e-08
1.317012880280130125e-08
1.316635178350501427e-08
1.316351650256084796e-08
1.314924517409341912e-08
1.313607750333508389e-08
1.313007746926918377e-08
1.308112583162529712e-08
1.306955849004367740e-08
1.306895878383276770e-08
1.306234707881144558e-08
1.301866760047515130e-08
1.301722457483330332e-08
1.301746036889979027e-08
1.301263839970663642e-08
1.300185644838428891e-08
1.300849306448263443e-08
1.300625339165355456e-08
1.299615649455675581e-08
1.299946702912118738e-08
1.299493021239288857e-08
1.299743484490223080e-08
1.300612839116810032e-08
1.298260477497926971e-08
1.298489657778833801e-08
1.299147377186983645e-08
1.299596436116236603e-08
1.298828132352006403e-08
1.295559871682465659e-08
1.281167861812791389e-08
1.280579115478858935e-08
1.281624947747178784e-08
1.281445968472125685e-08
1.283635556200878970e-08
1.282252343674469658e-08
1.282519963997872075e-08
1.284492817819011804e-08
1.283160847449476226e-08
1.281161872170414234e-08
1.280312361066595659e-08
1.280624670771351700e-08
1.280165237634804867e-08
1.280717527890816304e-08
1.278631917753863705e-08
1.277884157654666084e-08
1.277687064311799642e-08
1.244401832809455225e-08
1.240335021517017753e-08
1.239004302796049728e-08
1.237752702185028177e-08
1.240144515116212437e-08
1.237574848235462487e-08
1.237057421883202428e-08
1.240665462241675733e-08
1.236949537296160540e-08
1.244162029053146162e-08
1.241012934157803974e-08
1.241785591221113582e-08
1.245370560574738060e-08
1.247371900587455679e-08
1.239072680450347286e-08
1.246412175664644576e-08
1.247751462209037616e-08
1.232772757675321597e-08
1.233547085008363423e-08
1.232260841030892844e-08
1.242345829175539189e-08
1.243701109841585916e-08
1.238926657829386247e-08
1.253057901635739534e-08
1.248754035109918964e-08
1.240764555542772559e-08
1.239757890641954129e-08
1.248840717752848705e-08
1.255991827053340466e-08
1.251318147137372339e-08
1.263195289074082321e-08
1.264189805250079338e-08
1.276925653658027333e-08
1.316353394328301627e-08
1.373591914958618925e-08
1.628705494310073368e-08
