5.366519784641843836e-03
5.035333330186693435e-03
4.755342293301191570e-03
4.502353627746248817e-03
4.269604771611159276e-03
4.054636887608922477e-03
3.856382165399429608e-03
3.674816573499870009e-03
3.505721619920544423e-03
3.347244102868197121e-03
3.198131994547501536e-03
3.057835135321886576e-03
2.925855115320047124e-03
2.801100770763253513e-03
2.683498820465725181e-03
2.572884283906689065e-03
2.469369938180051346e-03
2.372503381966374527e-03
2.282369125038207023e-03
2.198038213540671072e-03
2.118885196394748160e-03
2.044950608752817492e-03
1.976182140193987000e-03
1.912098425697031107e-03
1.852410804162286538e-03
1.797159563769911176e-03
1.746167067517825607e-03
1.698844616652149184e-03
1.654798856000421880e-03
1.613476109895420211e-03
1.574434389419445031e-03
1.537583905123390219e-03
1.502811815131357758e-03
1.469852742456472612e-03
1.438603043712257442e-03
1.408791572212857775e-03
1.380270997660010658e-03
1.352944250212410491e-03
1.326711648045384882e-03
1.301611595118006568e-03
1.277638414215387461e-03
1.254683098907643938e-03
1.232893914003978936e-03
1.212345282144350724e-03
1.192873107195517547e-03
1.174371581036778595e-03
1.156835657441183246e-03
1.140186794597585710e-03
1.124455157969488084e-03
1.109546609134217342e-03
1.095324039833059111e-03
1.081760814523269549e-03
1.068861698934384704e-03
1.056596356720264362e-03
1.044979728720022176e-03
1.033910890420993312e-03
1.023397710853193475e-03
1.013462806497445780e-03
1.004043387305611663e-03
9.951519771150118404e-04
9.867780294730693885e-04
9.789476565014365236e-04
9.716783154770904313e-04
9.649129996411739355e-04
9.586323389380257097e-04
9.528000217462379061e-04
9.474056494898910278e-04
9.423961811607633327e-04
9.377568023218024046e-04
9.334146120427118994e-04
9.293584928720824770e-04
9.255147946619956059e-04
9.219429321485644218e-04
9.186458337492287799e-04
9.155651048735599434e-04
9.127056187277205173e-04
9.100560021590973526e-04
9.075684030398330432e-04
9.052595754024540375e-04
9.031291509376600680e-04
9.011616776741001450e-04
8.993252050156675011e-04
8.976454687486980352e-04
8.961579531370592608e-04
8.948072948180249868e-04
8.936188567209590351e-04
8.925645458660966692e-04
8.916352416380272927e-04
8.908514982133219559e-04
8.901884743604914071e-04
8.895934434579575757e-04
8.891124455264164941e-04
8.887218878498098166e-04
8.883882059941687094e-04
8.881322177899947249e-04
8.879256959237176536e-04
8.877743674047843588e-04
8.876703756071290755e-04
8.875833625041114209e-04
8.875289336513697081e-04
8.874867889487495854e-04
