4.014376414689482536e-06
3.251644895898483912e-04
6.463146027650050560e-04
9.674647159401624256e-04
1.288614829115325433e-03
1.609764942290488332e-03
1.930915055465642774e-03
2.252065168640790278e-03
2.573215281815937564e-03
2.894365394991084851e-03
3.215515508166232137e-03
3.536665621341382026e-03
3.857815734516560971e-03
4.178965847691739482e-03
4.500115960866917994e-03
4.821266074042096506e-03
5.142416187217275017e-03
5.463566300392453529e-03
5.784716413567632907e-03
6.105866526742811419e-03
6.427016639917989063e-03
6.748166753093168442e-03
7.069316866268346086e-03
7.390466979443525465e-03
7.711617092618703109e-03
8.032767205793881621e-03
8.353917318969060132e-03
8.675067432144238644e-03
8.996217545319417155e-03
9.317367658494597402e-03
9.638517771669774178e-03
9.959667884844952690e-03
1.028081799802013294e-02
1.060196811119531145e-02
1.092311822437048996e-02
1.124426833754566847e-02
1.156541845072084698e-02
1.188656856389602549e-02
1.220771867707120227e-02
1.252886879024638425e-02
1.285001890342156103e-02
1.317116901659673954e-02
1.349231912977191805e-02
1.381346924294709656e-02
1.413461935612227507e-02
1.445576946929745359e-02
1.477691958247263036e-02
1.509806969564780887e-02
1.541921980882298739e-02
1.574036992199816937e-02
1.606152003517334614e-02
1.638267014834852292e-02
1.670382026152370317e-02
1.702497037469887994e-02
1.734612048787406019e-02
1.766727060104924044e-02
1.798842071422441721e-02
1.830957082739959746e-02
1.863072094057477424e-02
1.895187105374995101e-02
1.927302116692513126e-02
1.959417128010031151e-02
1.991532139327548828e-02
2.023647150645066853e-02
2.055762161962584531e-02
2.087877173280102555e-02
2.119992184597620580e-02
2.152107195915138257e-02
2.184222207232655935e-02
2.216337218550173960e-02
2.248452229867691637e-02
2.280567241185209662e-02
2.312682252502727340e-02
2.344797263820245364e-02
2.376912275137763042e-02
2.409027286455281414e-02
2.441142297772799091e-02
2.473257309090317116e-02
2.505372320407834794e-02
2.537487331725352471e-02
2.569602343042870496e-02
2.601717354360388174e-02
2.633832365677906198e-02
2.665947376995423876e-02
2.698062388312941554e-02
2.730177399630459578e-02
2.762292410947977256e-02
2.794407422265495627e-02
2.826522433583013305e-02
2.858637444900531330e-02
2.890752456218049007e-02
2.922867467535567032e-02
2.954982478853084710e-02
2.987097490170602387e-02
3.019212501488120412e-02
3.051327512805638090e-02
3.083442524123156114e-02
3.115557535440673792e-02
3.147672546758192164e-02
3.179787558075709841e-02
3.211902569393227519e-02
3.244017580710745891e-02
3.276132592028263568e-02
3.308247603345781246e-02
3.340362614663298924e-02
3.372477625980816601e-02
3.404592637298334973e-02
3.436707648615852650e-02
3.468822659933370328e-02
3.500937671250888006e-02
3.533052682568406377e-02
3.565167693885924055e-02
3.597282705203442427e-02
3.629397716520960104e-02
3.661512727838477782e-02
3.693627739155995460e-02
3.725742750473513137e-02
3.757857761791031509e-02
3.789972773108549187e-02
3.822087784426066864e-02
3.854202795743584542e-02
3.886317807061102914e-02
3.918432818378620591e-02
3.950547829696138269e-02
3.982662841013656640e-02
4.014777852331174318e-02
4.046892863648691996e-02
4.079007874966209674e-02
4.111122886283727351e-02
4.143237897601245723e-02
4.175352908918763400e-02
4.207467920236281078e-02
4.239582931553798756e-02
4.271697942871317127e-02
4.303812954188834805e-02
4.335927965506352483e-02
4.368042976823870160e-02
4.400157988141387838e-02
4.432272999458906210e-02
4.464388010776424581e-02
4.496503022093942259e-02
4.528618033411460631e-02
4.560733044728978308e-02
4.592848056046495986e-02
4.624963067364013664e-02
4.657078078681531341e-02
4.689193089999049713e-02
4.721308101316567390e-02
4.753423112634085068e-02
4.785538123951602746e-02
4.817653135269120424e-02
4.849768146586638795e-02
4.881883157904156473e-02
4.913998169221674150e-02
4.946113180539191828e-02
4.978228191856709506e-02
5.010343203174227877e-02
5.042458214491745555e-02
5.074573225809263233e-02
5.106688237126780910e-02
5.138803248444298588e-02
5.170918259761816960e-02
5.203033271079335331e-02
5.235148282396853009e-02
5.267263293714371380e-02
5.299378305031889058e-02
5.331493316349406736e-02
5.363608327666924414e-02
5.395723338984442091e-02
5.427838350301960463e-02
5.459953361619478140e-02
5.492068372936995818e-02
5.524183384254513496e-02
5.556298395572031174e-02
5.588413406889549545e-02
5.620528418207067223e-02
5.652643429524536328e-02
5.684758440842005434e-02
5.716873452159473151e-02
5.748988463476940175e-02
5.781103474794409280e-02
5.813218486111876304e-02
5.845333497429344022e-02
5.877448508746813127e-02
5.909563520064280151e-02
5.941678531381747869e-02
5.973793542699216280e-02
6.005908554016683998e-02
6.038023565334151715e-02
6.070138576651620127e-02
6.102253587969087845e-02
6.134368599286555562e-02
6.166483610604023974e-02
6.198598621921491691e-02
6.230713633238959409e-02
6.262828644556428515e-02
6.294943655873895538e-02
6.327058667191362562e-02
6.359173678508832361e-02
6.391288689826299385e-02
6.423403701143766409e-02
6.455518712461236208e-02
6.487633723778703232e-02
6.519748735096170256e-02
6.551863746413638667e-02
6.583978757731107079e-02
6.616093769048574103e-02
6.648208780366042514e-02
6.680323791683510926e-02
6.712438803000977949e-02
6.744553814318446361e-02
6.776668825635914772e-02
6.808783836953381796e-02
6.840898848270850208e-02
6.873013859588318619e-02
6.905128870905785643e-02
6.937243882223254055e-02
6.969358893540722466e-02
7.001473904858189490e-02
7.033588916175657901e-02
7.065703927493126313e-02
7.097818938810593337e-02
7.129933950128061748e-02
7.162048961445530160e-02
7.194163972762998571e-02
7.226278984080465595e-02
7.258393995397934007e-02
7.290509006715402418e-02
7.322624018032869442e-02
7.354739029350337853e-02
7.386854040667806265e-02
7.418969051985273289e-02
7.451084063302741700e-02
7.483199074620210112e-02
7.515314085937677135e-02
7.547429097255144159e-02
7.579544108572613959e-02
7.611659119890080982e-02
7.643774131207548006e-02
7.675889142525017805e-02
7.708004153842484829e-02
7.740119165159951853e-02
7.772234176477421652e-02
7.804349187794888676e-02
7.836464199112355700e-02
7.868579210429824111e-02
7.900694221747292523e-02
7.932809233064759546e-02
7.964924244382227958e-02
7.997039255699696370e-02
8.029154267017163393e-02
8.061269278334631805e-02
8.093384289652100216e-02
8.125499300969567240e-02
8.157614312287035652e-02
8.189729323604504063e-02
8.221844334921971087e-02
8.253959346239439498e-02
8.286074357556907910e-02
8.318189368874374934e-02
8.350304380191843345e-02
8.382419391509311757e-02
8.414534402826778781e-02
8.446649414144247192e-02
8.478764425461715604e-02
8.510879436779182627e-02
8.542994448096651039e-02
8.575109459414119450e-02
8.607224470731586474e-02
8.639339482049053498e-02
8.671454493366521910e-02
8.703569504683991709e-02
8.735684516001458733e-02
8.767799527318927144e-02
8.799914538636394168e-02
8.832029549953861192e-02
8.864144561271329603e-02
8.896259572588799402e-02
8.928374583906266426e-02
8.960489595223733450e-02
8.992604606541201862e-02
9.024719617858668885e-02
9.056834629176137297e-02
9.088949640493605708e-02
9.121064651811074120e-02
9.153179663128541144e-02
9.185294674446009555e-02
9.217409685763476579e-02
9.249524697080944990e-02
9.281639708398413402e-02
9.313754719715881814e-02
9.345869731033348837e-02
9.377984742350817249e-02
9.410099753668284273e-02
9.442214764985754072e-02
9.474329776303221096e-02
9.506444787620689507e-02
9.538559798938156531e-02
9.570674810255624942e-02
9.602789821573091966e-02
9.634904832890561766e-02
9.667019844208028789e-02
9.699134855525497201e-02
9.731249866842964225e-02
9.763364878160432636e-02
9.795479889477899660e-02
9.827594900795369459e-02
9.859709912112836483e-02
9.891824923430304894e-02
9.923939934747771918e-02
9.956054946065238942e-02
9.988169957382707353e-02
1.002028496870017715e-01
1.005239998001764418e-01
1.008451499133511259e-01
1.011663000265257961e-01
1.014874501397004664e-01
1.018086002528751505e-01
1.021297503660498485e-01
1.024509004792245187e-01
1.027720505923991889e-01
1.030932007055738731e-01
1.034143508187485433e-01
1.037355009319232274e-01
1.040566510450979115e-01
1.043778011582725956e-01
1.046989512714472659e-01
1.050201013846219500e-01
1.053412514977966202e-01
1.056624016109713043e-01
1.059835517241459885e-01
1.063047018373206726e-01
1.066258519504953428e-01
1.069470020636700269e-01
1.072681521768446972e-01
1.075893022900193813e-01
1.079104524031940654e-01
1.082316025163687495e-01
1.085527526295434197e-01
1.088739027427181039e-01
1.091950528558927741e-01
1.095162029690674443e-01
1.098373530822421423e-01
1.101585031954168264e-01
1.104796533085914967e-01
1.108008034217661808e-01
1.111219535349408510e-01
1.114431036481155213e-01
1.117642537612902193e-01
1.120854038744649034e-01
1.124065539876395736e-01
1.127277041008142439e-01
1.130488542139889280e-01
1.133700043271635982e-01
1.136911544403382962e-01
1.140123045535129803e-01
1.143334546666876506e-01
1.146546047798623208e-01
1.149757548930370049e-01
1.152969050062116751e-01
1.156180551193863731e-01
1.159392052325610434e-01
1.162603553457357275e-01
1.165815054589103977e-01
1.169026555720850818e-01
1.172238056852597521e-01
1.175449557984344501e-01
1.178661059116091203e-01
1.181872560247838044e-01
1.185084061379584747e-01
1.188295562511331588e-01
1.191507063643078290e-01
1.194718564774825270e-01
1.197930065906571973e-01
1.201141567038318814e-01
1.204353068170065516e-01
1.207564569301812357e-01
1.210776070433559060e-01
1.213987571565306040e-01
1.217199072697052742e-01
1.220410573828799583e-01
1.223622074960546285e-01
1.226833576092292988e-01
1.230045077224039829e-01
1.233256578355786809e-01
1.236468079487533511e-01
1.239679580619280352e-01
1.242891081751027055e-01
1.246102582882773757e-01
1.249314084014520598e-01
1.252525585146267439e-01
1.255737086278014281e-01
1.258948587409761122e-01
1.262160088541507685e-01
1.265371589673254527e-01
1.268583090805001368e-01
1.271794591936748209e-01
1.275006093068495050e-01
1.278217594200241891e-01
1.281429095331988455e-01
1.284640596463735296e-01
1.287852097595482137e-01
1.291063598727228978e-01
1.294275099858975819e-01
1.297486600990722660e-01
1.300698102122469224e-01
1.303909603254216065e-01
1.307121104385962906e-01
1.310332605517709748e-01
1.313544106649456589e-01
1.316755607781203430e-01
1.319967108912949993e-01
1.323178610044696835e-01
1.326390111176443676e-01
1.329601612308190517e-01
1.332813113439937358e-01
1.336024614571684199e-01
1.339236115703430763e-01
1.342447616835177604e-01
1.345659117966924445e-01
1.348870619098671286e-01
1.352082120230418127e-01
1.355293621362164969e-01
1.358505122493911532e-01
1.361716623625658373e-01
1.364928124757405214e-01
1.368139625889152056e-01
1.371351127020898897e-01
1.374562628152645460e-01
1.377774129284392302e-01
1.380985630416139143e-01
1.384197131547885984e-01
1.387408632679632825e-01
1.390620133811379666e-01
1.393831634943126230e-01
1.397043136074873071e-01
1.400254637206619912e-01
1.403466138338366753e-01
1.406677639470113594e-01
1.409889140601860436e-01
1.413100641733606999e-01
1.416312142865353840e-01
1.419523643997100681e-01
1.422735145128847523e-01
1.425946646260594364e-01
1.429158147392341205e-01
1.432369648524087768e-01
1.435581149655834610e-01
1.438792650787581451e-01
1.442004151919328292e-01
1.445215653051075133e-01
1.448427154182821974e-01
1.451638655314568538e-01
1.454850156446315379e-01
1.458061657578062220e-01
1.461273158709809061e-01
1.464484659841555902e-01
1.467696160973302744e-01
1.470907662105049307e-01
1.474119163236796148e-01
1.477330664368542990e-01
1.480542165500289831e-01
1.483753666632036672e-01
1.486965167763783513e-01
1.490176668895530077e-01
1.493388170027276918e-01
1.496599671159023759e-01
1.499811172290770600e-01
1.503022673422517441e-01
1.506234174554264005e-01
1.509445675686010846e-01
1.512657176817757687e-01
1.515868677949504528e-01
1.519080179081251369e-01
1.522291680212998211e-01
1.525503181344744774e-01
1.528714682476491615e-01
1.531926183608238456e-01
1.535137684739985298e-01
1.538349185871732139e-01
1.541560687003478980e-01
1.544772188135225544e-01
1.547983689266972385e-01
1.551195190398719226e-01
1.554406691530466067e-01
1.557618192662212908e-01
1.560829693793959749e-01
1.564041194925706313e-01
1.567252696057453154e-01
1.570464197189199995e-01
1.573675698320946559e-01
1.576887199452693678e-01
1.580098700584440519e-01
1.583310201716187082e-01
1.586521702847933923e-01
1.589733203979680765e-01
1.592944705111427328e-01
1.596156206243174447e-01
1.599367707374921288e-01
1.602579208506667852e-01
1.605790709638414693e-01
1.609002210770161534e-01
1.612213711901908098e-01
1.615425213033655216e-01
1.618636714165402057e-01
1.621848215297148621e-01
1.625059716428895462e-01
1.628271217560642303e-01
1.631482718692388867e-01
1.634694219824135986e-01
1.637905720955882549e-01
1.641117222087629390e-01
1.644328723219376232e-01
1.647540224351123073e-01
1.650751725482869636e-01
1.653963226614616755e-01
1.657134583982216580e-01
