7.962990404659500004e-03
7.044809726493563191e-03
6.483019500753557131e-03
6.050624450025339149e-03
5.691645333413247049e-03
5.377782031226467814e-03
5.100348111083214883e-03
4.853907260225157581e-03
4.628855152930975471e-03
4.423669385995932998e-03
4.235733592260509939e-03
4.062552151612219831e-03
3.902582413509909833e-03
3.754759395920930463e-03
3.616983688656069066e-03
3.488129796111765456e-03
3.367684375541766216e-03
3.254887649735359410e-03
3.148910191258065365e-03
3.049264229688349384e-03
2.955244330056724673e-03
2.866381850930341257e-03
2.781735098536315849e-03
2.700581094319713139e-03
2.622880517725114692e-03
2.548488337713348401e-03
2.477150613522491069e-03
2.408622196012900809e-03
2.342747557179562096e-03
2.279365014348258035e-03
2.218307968682644172e-03
2.159508761239724555e-03
2.102857929906977886e-03
2.048225490648313950e-03
1.995501512021378206e-03
1.944535775615931564e-03
1.895246876895425366e-03
1.847551631162371076e-03
1.801418863824884179e-03
1.756747511545946137e-03
1.713455862323703775e-03
1.671500868216284266e-03
1.630850786285895429e-03
1.591459054841940814e-03
1.553238148568234726e-03
1.516124520907538445e-03
1.480110307362962098e-03
1.445178683475286654e-03
1.411239159891922298e-03
1.378250972345512401e-03
1.346151490204724110e-03
1.314945699240465749e-03
1.284634642149639011e-03
1.255167537555812104e-03
1.226493996611312948e-03
1.198606918182998880e-03
1.171464998814164288e-03
1.145054896571965925e-03
1.119378260977899097e-03
1.094389159395182031e-03
1.070070694782777757e-03
1.046417191615984371e-03
1.023398738092350492e-03
1.001011261085938461e-03
9.792276023152964286e-04
9.580493035942038013e-04
9.374509532703753341e-04
9.174010111815464460e-04
8.978774102133581236e-04
8.788688385957064281e-04
8.603633069191538854e-04
8.423742609841756860e-04
8.248949773008682233e-04
8.079037395583862175e-04
7.913967443984001090e-04
7.753494988409198986e-04
7.597631892027687916e-04
7.446139846372440071e-04
7.298878694081134544e-04
7.155859600432404625e-04
7.016939749957051354e-04
6.881904000361401550e-04
6.750643521364637191e-04
6.623324947704029931e-04
6.499937451307938405e-04
6.380320104659890435e-04
6.264410798321740081e-04
6.152086749879786057e-04
6.043301630095663851e-04
5.937977983026226491e-04
5.835975054672715981e-04
5.737115480492007173e-04
5.641358375278830977e-04
5.548674941545970280e-04
5.459098095227905107e-04
5.372517324028822485e-04
5.288819666270925309e-04
5.207902256150520647e-04
5.129725989984049075e-04
5.054217580679361537e-04
4.981255929084871508e-04
4.910781148719385028e-04
4.842710641227474617e-04
4.777023258316784662e-04
4.713571271620820187e-04
4.652309471754873644e-04
4.593197844681153291e-04
4.536208976998555966e-04
4.481314970534203915e-04
4.428261561815552698e-04
4.376973409054252208e-04
4.327365333328647679e-04
4.279407445082631170e-04
4.232978597314891755e-04
4.188044128690801213e-04
4.144607403540756930e-04
4.102624262608576622e-04
4.061966899526521383e-04
4.022548399450134459e-04
3.984353392277788859e-04
3.947253703823164098e-04
3.911155852367503762e-04
3.876033979519172778e-04
3.841865205650851355e-04
3.808564191820800523e-04
3.776094169750256299e-04
3.744395255482466426e-04
3.713494002368931458e-04
3.683328418817434871e-04
3.653856847601836947e-04
3.625051726277615316e-04
3.596925717196098574e-04
3.569427998427285201e-04
3.542519103295612239e-04
3.516205197447279667e-04
3.490411160592413404e-04
3.465192612642983296e-04
3.440485485713723111e-04
3.416288551673302490e-04
3.392583500304622939e-04
3.369319082961589923e-04
3.346525874170338047e-04
3.324152468920325561e-04
3.302232041956430731e-04
3.280713805761201348e-04
3.259613361551768197e-04
3.238872396612969091e-04
3.218490672007258066e-04
3.198429023529862007e-04
3.178706132986402165e-04
3.159306946146393184e-04
3.140205926684999215e-04
3.121395309594450452e-04
3.102872995207360323e-04
3.084648739876734045e-04
3.066703862348802226e-04
3.049036729340989923e-04
3.031667049673184120e-04
3.014562651448159016e-04
2.997718236406505285e-04
2.981132794026720295e-04
2.964812230272828087e-04
2.948745409919998240e-04
2.932946728424255345e-04
2.917396567328530560e-04
2.902061923529325655e-04
2.886959672097880094e-04
2.872056010133799183e-04
2.857390746194064888e-04
2.842982193129254534e-04
2.828757685642705258e-04
2.814763311047616232e-04
2.800943396669750398e-04
2.787329531043072428e-04
2.773882522031286555e-04
2.760638693202924036e-04
2.747585755016267151e-04
2.734695742161857021e-04
2.721970696711163793e-04
2.709450599573547569e-04
2.697108101611545711e-04
2.684955559834531751e-04
2.672953574054415813e-04
2.661110295432476502e-04
2.649433369882248286e-04
2.637904228765357295e-04
2.626563753246460918e-04
2.615341807995885779e-04
2.604280044692137844e-04
2.593355572466819812e-04
2.582587809394359273e-04
2.571926332271863981e-04
2.561406703280003799e-04
2.551015826554970745e-04
2.540760683613706530e-04
2.530617983685303656e-04
2.520622741336200467e-04
2.510734794381671046e-04
2.500962648156968221e-04
2.491299268802068157e-04
2.481750440839603877e-04
2.472316528717451015e-04
2.462980521939593247e-04
2.453760415261168042e-04
2.444624082411561900e-04
2.435611100420363229e-04
2.426715095840237355e-04
2.417897567852460273e-04
2.409199020526053023e-04
2.400604579392078778e-04
2.392098330782417191e-04
2.383696224132895764e-04
2.375390550872190376e-04
2.367169853325077125e-04
2.359059954021450536e-04
2.351038320226549985e-04
2.343114178201752002e-04
2.335287725648613861e-04
2.327557862927294842e-04
2.319886400472811821e-04
2.312314075348507916e-04
2.304824791610085393e-04
2.297425074794951503e-04
2.290119064477231896e-04
2.282878652451123252e-04
2.275736822816280705e-04
2.268671714847915173e-04
2.261701381505214973e-04
2.254811902502165460e-04
2.247983596351295224e-04
2.241246508819517676e-04
2.234594882245496180e-04
2.228011254712607516e-04
2.221513784748015694e-04
2.215089507187735442e-04
2.208745483303883373e-04
2.202485458352199414e-04
2.196303126662523008e-04
2.190214759007904710e-04
2.184212558324687093e-04
2.178278039818773838e-04
2.172433572345664388e-04
2.166656001063085315e-04
2.160968958952381622e-04
2.155351750035682933e-04
2.149842006543093169e-04
2.144409045337348737e-04
2.139068602996528677e-04
2.133833792952014074e-04
2.128675942649504744e-04
2.123585699235068546e-04
2.118573821228837922e-04
2.113652599134792007e-04
2.108803531783697016e-04
2.104018047112436924e-04
2.099296676625354765e-04
2.094662286682086392e-04
2.090112833804699095e-04
2.085642511575624709e-04
2.081232048360161224e-04
2.076897151006154650e-04
2.072625839049982411e-04
2.068437621507891332e-04
2.064318986933920050e-04
2.060261755909111644e-04
2.056283091351363435e-04
2.052352458542301044e-04
2.048495485181855199e-04
2.044706167885542846e-04
2.040985426227744277e-04
2.037321586795878142e-04
2.033722918606299603e-04
2.030202774008817157e-04
2.026712061242596130e-04
2.023311406216055173e-04
2.019954177167602495e-04
2.016670644679519650e-04
2.013441450787256735e-04
2.010276187074982372e-04
2.007164875510440325e-04
2.004131011232994928e-04
2.001131049170796355e-04
1.998201201351589495e-04
1.995316394176966583e-04
1.992481851661532849e-04
1.989703094023958488e-04
1.986969139444893942e-04
1.984281764695890822e-04
1.981646985341587613e-04
1.979061442398016607e-04
1.976514948860888369e-04
1.974004121133673582e-04
1.971552634134121412e-04
1.969137896615984022e-04
1.966781944007097121e-04
1.964460771937717157e-04
1.962198387500160282e-04
1.959972403972528047e-04
1.957792375140317276e-04
1.955661046053664873e-04
1.953564321650795381e-04
1.951517098518935900e-04
1.949508303479050128e-04
1.947526309201435711e-04
1.945593497046317535e-04
1.943696775507186916e-04
1.941841564857150885e-04
1.940024949260695051e-04
1.938235184270497744e-04
1.936451965208048852e-04
1.934722463282578201e-04
1.933051169195899833e-04
1.931412847847704993e-04
1.929807745940463604e-04
1.928227822912099651e-04
1.926690243055687013e-04
1.925188845334725382e-04
1.923718811876765024e-04
1.922264874006091430e-04
1.920843778679179174e-04
1.919452534961864777e-04
1.918096740456868665e-04
1.916758348241323325e-04
1.915453817959227815e-04
1.914178857879188038e-04
1.912886719860809994e-04
1.911668431834048982e-04
1.910481022730150667e-04
1.909319660063987388e-04
1.908141949746477344e-04
1.907013213052539036e-04
1.905925918446079706e-04
1.904842983802511856e-04
1.903782731778789984e-04
1.902751554538465221e-04
1.901751875019898742e-04
1.900764947199756391e-04
1.899807411022663543e-04
1.898868619758056243e-04
1.897942259693533831e-04
1.897035841360034797e-04
1.896106484301585756e-04
1.895243688170876256e-04
1.894393735617268672e-04
1.893566772622206241e-04
1.892725821569959900e-04
1.891939024403215431e-04
1.891169650165816420e-04
1.890405384050729048e-04
1.889642231083065848e-04
1.888915506807057926e-04
1.888205286865712992e-04
1.887501178436292305e-04
1.886792556735181919e-04
1.886121294271778266e-04
1.885459527583728523e-04
1.884819588546802799e-04
1.884175651762120597e-04
1.883540443689333112e-04
1.882932451057343958e-04
1.882339957344679405e-04
1.881744761087889679e-04
1.881187507505542025e-04
1.880619906236263698e-04
1.880079886974506966e-04
1.879552475250838024e-04
1.879016347108490126e-04
1.878483724653205842e-04
1.877982526096380210e-04
1.877498928246924001e-04
1.876996007955354119e-04
1.876542799330575178e-04
1.876064167077568889e-04
1.875626128734369006e-04
1.875199733074728173e-04
1.874785441729114944e-04
1.874375888401646041e-04
1.873962119147242053e-04
1.873576134876900941e-04
1.873199694945922728e-04
1.872828923627654820e-04
1.872442262530750706e-04
1.872094418775164322e-04
1.871736957915891449e-04
1.871377573000498798e-04
1.871050312352911735e-04
1.870729217256870546e-04
1.870405347371070228e-04
1.870083149871620137e-04
1.869784721146416223e-04
1.869499116837715282e-04
1.869215190428018432e-04
1.868941961853079925e-04
1.868649917348987576e-04
1.868382549733925944e-04
1.868119635856149154e-04
1.867878664227752669e-04
1.867638960601282786e-04
1.867407139610104475e-04
1.867186178067172398e-04
1.866963532735895024e-04
1.866750867595590613e-04
1.866546414414649855e-04
1.866330027169776440e-04
1.866124841683593032e-04
1.865936187179493590e-04
1.865723990522703964e-04
1.865540507640199032e-04
1.865354307324875078e-04
1.865182354811535572e-04
1.865021972994032801e-04
1.864845824304537454e-04
1.864664087689477134e-04
1.864502389557968055e-04
1.864360182077803645e-04
1.864210771921645082e-04
1.864059129727526568e-04
1.863923678995986846e-04
1.863771334455963644e-04
1.863640863766050126e-04
1.863518012493841074e-04
1.863393510979459834e-04
1.863273375312152105e-04
1.863162981183559119e-04
1.863056365004430359e-04
1.862937866263270916e-04
1.862831370561834107e-04
1.862733596018563322e-04
1.862623951413753761e-04
1.862525120151059370e-04
1.862435188822820836e-04
1.862345477855194113e-04
1.862249812105932698e-04
1.862161077261056583e-04
1.862073126269876938e-04
1.861992058557907035e-04
1.861887581649593348e-04
1.861804146595906094e-04
1.861730672554189341e-04
1.861659840793086188e-04
1.861579558793864404e-04
1.861513846411665335e-04
1.861443384923099043e-04
1.861359649384057959e-04
1.861297368426887723e-04
1.861237424954218422e-04
1.861179765098682133e-04
1.861122759842891020e-04
1.861061558819404496e-04
1.861008801843228575e-04
1.860959484178411694e-04
1.860906036088033502e-04
1.860857014735706953e-04
1.860806011700236271e-04
1.860754851563677266e-04
1.860714124133296707e-04
1.860668646743671585e-04
1.860624874182264892e-04
1.860588994430078798e-04
1.860545114166239520e-04
1.860510339085380441e-04
1.860479505462733145e-04
1.860445360783957410e-04
1.860416502819628155e-04
1.860384645383422514e-04
1.860347185692732446e-04
1.860320148696062621e-04
1.860294443309052845e-04
1.860274643197072349e-04
1.860247892956532162e-04
1.860214698665697245e-04
1.860190127132596398e-04
1.860172894288989972e-04
1.860152039213470532e-04
1.860136979737042064e-04
1.860103055749780980e-04
1.860081873190921615e-04
1.860060636970849949e-04
1.860043304081021402e-04
1.860029487885082617e-04
1.860016545915345245e-04
1.860003955254708227e-04
1.859990396770163713e-04
1.859976531739058331e-04
1.859965927776491908e-04
1.859946992653477825e-04
1.859939714313922426e-04
1.859927755503670681e-04
1.859919523415896913e-04
1.859907629955193857e-04
1.859895768673086255e-04
1.859884733602180701e-04
1.859879479629325777e-04
1.859869505905489752e-04
1.859857370977651780e-04
1.859849080233002270e-04
1.859839243365541273e-04
1.859826731854450331e-04
1.859819839904846813e-04
1.859807509801999332e-04
1.859798348524253258e-04
1.859787549171403563e-04
1.859776851096988292e-04
1.859755654358075040e-04
1.859740042282497137e-04
1.859723049254363421e-04
1.859703637987093750e-04
1.859687102333446626e-04
1.859668770638696659e-04
1.859626117509207734e-04
1.859617561961020510e-04
1.859596531981679176e-04
1.859567104095134218e-04
1.859538036812277825e-04
1.859509058784903236e-04
1.859500272150682186e-04
1.859503630511537221e-04
