3.211501131751586029e-05
1.637865577193310575e-03
3.243616143069105989e-03
4.849366708944884488e-03
6.455117274820660819e-03
8.060867840696463171e-03
9.666618406572277666e-03
1.127236897244809390e-02
1.287811953832390839e-02
1.448387010419970207e-02
1.608962067007543850e-02
1.769537123595117667e-02
1.930112180182691484e-02
2.090687236770264953e-02
2.251262293357838770e-02
2.411837349945412934e-02
2.572412406532986404e-02
2.732987463120560220e-02
2.893562519708141323e-02
3.054137576295730752e-02
3.214712632883320181e-02
3.375287689470909264e-02
3.535862746058498346e-02
3.696437802646088122e-02
3.857012859233677204e-02
4.017587915821266287e-02
4.178162972408856063e-02
4.338738028996445145e-02
4.499313085584034227e-02
4.659888142171624004e-02
4.820463198759213086e-02
4.981038255346802168e-02
5.141613311934391251e-02
5.302188368521980333e-02
5.462763425109570803e-02
5.623338481697158497e-02
5.783913538284747580e-02
5.944488594872338050e-02
6.105063651459927132e-02
6.265638708047516214e-02
6.426213764635105297e-02
6.586788821222695767e-02
6.747363877810284849e-02
6.907938934397873931e-02
7.068513990985463014e-02
7.229089047573052096e-02
7.389664104160641178e-02
7.550239160748230260e-02
7.710814217335819343e-02
7.871389273923408425e-02
8.031964330510997507e-02
8.192539387098587977e-02
8.353114443686177060e-02
8.513689500273766142e-02
8.674264556861356612e-02
8.834839613448944307e-02
8.995414670036534777e-02
9.155989726624122471e-02
9.316564783211712941e-02
9.477139839799303411e-02
9.637714896386891106e-02
9.798289952974481576e-02
9.958865009562070658e-02
1.011944006614965974e-01
1.028001512273724882e-01
1.044059017932483791e-01
1.060116523591242699e-01
1.076174029250001746e-01
1.092231534908760515e-01
1.108289040567519562e-01
1.124346546226278470e-01
1.140404051885037240e-01
1.156461557543796287e-01
1.172519063202555195e-01
1.188576568861314103e-01
1.204634074520073012e-01
1.220691580178831920e-01
1.236749085837590828e-01
1.252806591496349875e-01
1.268864097155108783e-01
1.284921602813867691e-01
1.300979108472626600e-01
1.317036614131385508e-01
1.333094119790144416e-01
1.349151625448903324e-01
1.365209131107662233e-01
1.381266636766421141e-01
1.397324142425180049e-01
1.413381648083939235e-01
1.429439153742697866e-01
1.445496659401457051e-01
1.461554165060215682e-01
1.477611670718974868e-01
1.493669176377733776e-01
1.509726682036492684e-01
1.525784187695251592e-01
1.541841693354010501e-01
1.557899199012769409e-01
1.573956704671528317e-01
1.590014210330287225e-01
1.606071715989046411e-01
1.622129221647805319e-01
1.638186727306564228e-01
1.653923082852147841e-01
