7.876696122795401322e-03
5.646216590706479299e-03
4.600098102942610546e-03
3.890768018324752484e-03
3.360238670845440163e-03
2.932840893862168237e-03
2.575342483686322327e-03
2.269948698939701186e-03
2.006410600963385096e-03
1.779899559272930419e-03
1.584880310433612292e-03
1.413917712928717792e-03
1.264098831941981626e-03
1.131858984945986876e-03
1.015668412975466927e-03
9.135935258298239978e-04
8.247000364107085835e-04
7.469107020495927658e-04
6.791328563463277677e-04
6.203039646403593448e-04
5.693346577283583303e-04
5.256501440866409580e-04
4.886608462605082030e-04
4.574509970662824897e-04
4.314246686692129579e-04
4.100111938899843648e-04
3.923698770660479862e-04
3.776313437867013807e-04
3.649161086124198534e-04
3.538972445083622773e-04
3.441699702898728258e-04
3.355232273092074329e-04
3.277815743952613601e-04
3.207329454764952232e-04
3.142430532618873795e-04
3.084136136255744010e-04
3.030965091903354983e-04
2.981724000639614821e-04
2.936985954810837195e-04
2.895862705675193867e-04
2.858544439113958600e-04
2.823914906087585889e-04
2.792593520265335919e-04
2.764124604668219214e-04
2.737871959308010969e-04
2.713849400149023457e-04
2.690576648293786788e-04
2.669763606317138768e-04
2.650159712185372980e-04
2.632450534178224703e-04
2.616492269672576797e-04
2.600650897683128709e-04
2.586504310447067354e-04
2.573581498474494561e-04
2.561901396072054061e-04
2.551684364744132060e-04
2.541550581497281918e-04
2.532616353983548215e-04
2.524067901340836992e-04
2.516200877097133325e-04
2.509239455210571300e-04
2.502983573973630959e-04
2.497185741606468799e-04
2.492161976368845806e-04
2.487674147695963798e-04
2.482892754519263039e-04
2.479187152561690378e-04
2.475652259209404219e-04
2.472523652683417746e-04
2.469927372587017028e-04
2.467294888945720179e-04
2.465244324056593199e-04
2.463010192133662348e-04
2.461379229606195577e-04
2.459832462064998689e-04
2.458368901710931780e-04
2.457242977622048742e-04
2.456339345943980585e-04
2.455441090542288016e-04
2.454671489685518763e-04
2.454110007415757043e-04
2.453383953909594496e-04
2.452863500143368457e-04
2.452391975704147956e-04
2.452012399732156822e-04
2.451645641348880271e-04
2.451375812159811403e-04
2.451113437642911809e-04
2.451054607366107748e-04
2.450829070608914946e-04
2.450677088960717437e-04
2.450548918878666499e-04
2.450375207592201754e-04
2.450238256961158930e-04
2.450103353918247598e-04
2.450011929632105222e-04
2.449949361049768518e-04
2.449842492336941325e-04
2.449736823599307669e-04
2.449650006683473592e-04
2.449118598947282849e-04
2.449054769660993888e-04
2.448888306395915235e-04
2.448481742033962669e-04
