1.672102388590534876e-04
1.332061695824694845e-04
1.117573907376671509e-04
9.596697245088774153e-05
8.362364347719387415e-05
7.362925968435725204e-05
6.534974617324096661e-05
5.846986394878364687e-05
5.271724047916245907e-05
4.793151048648767521e-05
4.393017744130217877e-05
4.054178420587539809e-05
3.762656367589403515e-05
3.508261638252898191e-05
3.284690696624248244e-05
3.088132963510528819e-05
2.915016737677480417e-05
2.760827079669618395e-05
2.623094212325072883e-05
2.499033491833776971e-05
2.386472689438838739e-05
2.284288674033275863e-05
2.191464549595011831e-05
2.106888856822632469e-05
2.028986863116594280e-05
1.957390111151816416e-05
1.891459559999437173e-05
1.830389047557110229e-05
1.773980845331430770e-05
1.721924478433746900e-05
1.673806628468219184e-05
1.629169236014576467e-05
1.587688501784444245e-05
1.549407651944125300e-05
1.513459894714933318e-05
1.480540426680011131e-05
1.449684248000395204e-05
1.420679618266268215e-05
1.393859946778234898e-05
1.368687735168163016e-05
1.345158744538388737e-05
1.323028801337354388e-05
1.302290257606237836e-05
1.282814669161881275e-05
1.264289182896295376e-05
1.246639607783578757e-05
1.229983037347041364e-05
1.213893426690090969e-05
1.198503957085168971e-05
1.183969270390551868e-05
1.169868555612443763e-05
1.156331529138330738e-05
1.143264785539245247e-05
1.130811315723636409e-05
1.118458821396238607e-05
1.106901256006681402e-05
1.095618250893988967e-05
1.084791119124105073e-05
1.074142493557767447e-05
1.063995094058649589e-05
1.054262852315567777e-05
1.044784102322458697e-05
1.035725928443891472e-05
1.026964161351883984e-05
1.018268273531590569e-05
1.010201227434704831e-05
1.002515229949666627e-05
9.949203998624029359e-06
9.875561307823342580e-06
9.804243201762683277e-06
9.738127745726149641e-06
9.674323912404577861e-06
9.613022435084066618e-06
9.555374033500384036e-06
9.497835463100652435e-06
9.442856123006983804e-06
9.391724263131602488e-06
9.342968452236878341e-06
9.296536470847312683e-06
9.251667579223648143e-06
9.209091157482452662e-06
9.166177292404417373e-06
9.123192019695302362e-06
9.085759186595669432e-06
9.051638634313968897e-06
9.019460593195512450e-06
8.986988415656195262e-06
8.957771712167737833e-06
8.930855354409260858e-06
8.903923466551929837e-06
8.879290727258315171e-06
8.853410950311548807e-06
8.830949827971351155e-06
8.810577504345856791e-06
8.789128187695638642e-06
8.770775872200756642e-06
8.748193395777030141e-06
8.732128298051616236e-06
8.717193295011657796e-06
8.700985208181920570e-06
8.688005263787375367e-06
8.676035581931423505e-06
8.662815039501800437e-06
8.651172052559073206e-06
8.640601625111584924e-06
8.630386634536371752e-06
8.622074316349953785e-06
8.611979855076782865e-06
8.604174557502242745e-06
8.597860803872679931e-06
8.588892911250416246e-06
8.582507038181919705e-06
8.575418247357554527e-06
8.570085541291429598e-06
8.564838452606111233e-06
8.559312557542922778e-06
8.555465747189091658e-06
8.550833457404249087e-06
8.546626146281631066e-06
8.543397601635762916e-06
8.539738772456835562e-06
8.535869327994134720e-06
8.533209781072844519e-06
8.530775718748694042e-06
8.528486673329491581e-06
8.526573765338056187e-06
8.522998923486041882e-06
8.520579287885853456e-06
8.518904150624641796e-06
8.517084555776778483e-06
8.515480795755861644e-06
8.513949874731555458e-06
8.512310189304747438e-06
8.508861444389663396e-06
8.506566193528484693e-06
8.505177853849316049e-06
8.504503626488040774e-06
8.503590907651231476e-06
8.503116429895257226e-06
8.502481042108096611e-06
8.501731296507649164e-06
8.501423367580404121e-06
8.501201016397058873e-06
8.500882143539801732e-06
8.500590005190486313e-06
8.500384737502622546e-06
8.500081395343070051e-06
8.499972596541901238e-06
8.499507938088007885e-06
8.499407461869596376e-06
8.499328210355900943e-06
8.499202313786599798e-06
8.499122242917515909e-06
8.499093379410779098e-06
8.499018382267849864e-06
8.498864752637961601e-06
8.498775955759979106e-06
8.498304287808932986e-06
8.498246168258612694e-06
8.498119494137846766e-06
8.498050850356549425e-06
8.497792755570202525e-06
8.497624580622117302e-06
8.497590154357652286e-06
8.497432887031350940e-06
8.497389049206606300e-06
8.497290969616136535e-06
8.496972006753981735e-06
8.496930311927484417e-06
8.496763593260878606e-06
8.496658341859009015e-06
8.496617543720222691e-06
8.496554465096665506e-06
8.496479594755366381e-06
8.496369780609830418e-06
8.496259684716595960e-06
8.496166406871234766e-06
8.495896199475771337e-06
8.495566575766987495e-06
8.495314318370329854e-06
8.495153170936652160e-06
8.494967728163078211e-06
8.494906809002794577e-06
8.494846383163311954e-06
8.493744575569018212e-06
8.493613796672982869e-06
8.493405444765090683e-06
8.492883696628288144e-06
8.491726987380787163e-06
8.491536186119083207e-06
8.491280790787880724e-06
8.491164558165436213e-06
8.491086884390421381e-06
8.491025829610079811e-06
8.490611670631803413e-06
8.490495750778627733e-06
8.490256313046560632e-06
8.490129602905481453e-06
8.490047144433602038e-06
8.489597984564647718e-06
8.489471503218512752e-06
8.489268020375151540e-06
8.489172795726372748e-06
8.489070014046748203e-06
8.488852856000925204e-06
8.488609921532896610e-06
8.488417190627087086e-06
8.488321387712167811e-06
8.485443481433807680e-06
8.485391430993432152e-06
8.484882846555376310e-06
8.484120802145622410e-06
8.483581704309387349e-06
8.483431085571678586e-06
8.483320230393537925e-06
8.482973502059358106e-06
8.481783726024901381e-06
8.481630577849834604e-06
8.480521987664918092e-06
8.480036701964946877e-06
8.479831202585658912e-06
8.479713229310958415e-06
8.479628451003262839e-06
8.479166539520194190e-06
8.478657598117912442e-06
8.478407482606029879e-06
8.478103954318483466e-06
8.477847287861737090e-06
8.476857620712320934e-06
8.476716056733763776e-06
8.475532415624106533e-06
8.474619825507121544e-06
8.474099955427576985e-06
8.473691532642176397e-06
8.472877568215803412e-06
8.471982300032156874e-06
8.471670128593143911e-06
8.471455541809185498e-06
8.471245110352312177e-06
8.471116817126505644e-06
8.470336427580996131e-06
8.469933908827653439e-06
8.469839052452979232e-06
8.469340192346990921e-06
8.469179179815031319e-06
8.468641577164239746e-06
8.468577810544742436e-06
8.468349836944248432e-06
8.467575301803873355e-06
8.466497239987496421e-06
8.465344519412043730e-06
8.463138747082799555e-06
8.462509873775114346e-06
8.461404693291585985e-06
8.460819536516214157e-06
8.459578838877508311e-06
8.458690947368231787e-06
8.457861108299156687e-06
8.457472483770582449e-06
8.457244686638943842e-06
8.456520171549022888e-06
8.455406072850146191e-06
8.454652746460560641e-06
8.453373227252482526e-06
8.452847120114648899e-06
8.452169715547780957e-06
8.451311471443576418e-06
8.449953289919806475e-06
8.449224892263187974e-06
8.448387880290868945e-06
8.447816075261133277e-06
8.447179199331045701e-06
8.446189362926138913e-06
8.445589546548167600e-06
8.444490272694941903e-06
8.443827467745395932e-06
8.443505573990621465e-06
8.443417678852433933e-06
8.442605847152427810e-06
8.440742394281777129e-06
8.439874210356902959e-06
8.438828743722926707e-06
8.437344915949938207e-06
8.436274137715795048e-06
8.435278821289298687e-06
8.434646082281169809e-06
8.434147232377745863e-06
8.432666339473046446e-06
8.431029454624726347e-06
8.430563057730385015e-06
8.429094167087027576e-06
8.428208856643630673e-06
8.426969893787130680e-06
8.426192890421414287e-06
8.425686540699531000e-06
8.425134149280364643e-06
8.424976654612641175e-06
8.422907599990917164e-06
8.421970803192883030e-06
8.421924095559333597e-06
8.420983839872142246e-06
