7.849033719776857959e-03
6.745477143108053776e-03
6.029803555245186013e-03
5.467544561469148481e-03
4.999079817227047341e-03
4.608662108375749696e-03
4.265666703511123911e-03
3.954511048806142251e-03
3.676685597557484246e-03
3.426807143741321827e-03
3.200649400287903807e-03
2.993194819197687352e-03
2.804098477268147406e-03
2.632588628171987459e-03
2.475820382648269077e-03
2.334280975683962651e-03
2.203927045894516542e-03
2.082818136083887817e-03
1.970870744010462614e-03
1.866621340994512523e-03
1.769730136057021076e-03
1.680781612812335280e-03
1.598480521988535725e-03
1.521856151786209720e-03
1.450351495454012566e-03
1.383939873983460519e-03
1.321409254911442600e-03
1.262858785157429907e-03
1.207791354973243017e-03
1.156439806102379717e-03
1.108421807423781973e-03
1.063942641389329681e-03
1.022260821075387897e-03
9.831277453670333750e-04
9.465244740007048088e-04
9.122654570038883940e-04
8.802728108994090127e-04
8.503652556422945045e-04
8.222004209312506117e-04
7.959137548295081238e-04
7.717063084766847755e-04
7.491493024556561756e-04
7.277233674210273036e-04
7.079360603024807208e-04
6.889113695131401970e-04
6.695128354600280189e-04
6.526256739019369599e-04
6.366146076824044783e-04
6.217598912308445981e-04
6.078970541119904257e-04
5.950387800174962221e-04
5.830247539357484880e-04
5.700792649145429132e-04
5.590503732188406615e-04
5.486077258016609608e-04
5.389536087986891971e-04
5.297113866703916530e-04
5.199237508028963515e-04
5.114813993250133138e-04
5.037611605988382953e-04
4.961646272655668554e-04
4.889606058300194867e-04
4.816931340903120393e-04
4.747809626654155945e-04
4.683528799500661049e-04
4.623823199647341298e-04
4.566284723045563516e-04
4.509521194715585836e-04
4.456816306951738929e-04
4.405222539751677685e-04
4.353628460732030989e-04
4.305733494508926602e-04
4.258998127261363724e-04
4.213336234519911771e-04
4.169622434611895191e-04
4.127400178744404621e-04
4.086722253792601832e-04
4.045517732585623884e-04
4.007492743731336368e-04
3.970619728135874288e-04
3.935454799227511443e-04
3.900225229671812387e-04
3.865991974611658567e-04
3.829947803225757061e-04
3.796404686441628008e-04
3.761682816007670856e-04
3.728818875956987455e-04
3.697468914659031653e-04
3.667066756346950098e-04
3.637312155059857282e-04
3.608567354174471568e-04
3.579871960592457560e-04
3.551600073377105525e-04
3.524413347758813828e-04
3.497364889154581545e-04
3.471434830865316131e-04
3.445708139601772976e-04
3.420365109880560569e-04
3.395767585188772279e-04
3.371177336367633774e-04
3.347390070304166352e-04
3.322406021143348219e-04
3.298700094715856907e-04
3.275618600002578869e-04
3.253038135562337052e-04
3.230965271537349819e-04
3.208772509694456489e-04
3.187157328430737283e-04
3.165596768873700506e-04
3.143929456084482957e-04
3.119250532173118567e-04
3.098744373272000830e-04
3.078224026399124270e-04
3.058195048192162489e-04
3.037597897405052674e-04
3.017692403607964420e-04
2.998244218192203082e-04
2.977787792601856837e-04
2.958883367658789740e-04
2.940273876753099675e-04
2.921239032542666107e-04
2.902534686707395066e-04
2.884277982605467565e-04
2.863987939630952386e-04
2.846134248685010791e-04
2.827496490073640178e-04
2.809899620504715026e-04
2.792164892614306770e-04
2.774270015989831108e-04
2.756835302408233452e-04
2.739857565438732026e-04
2.723037015779838574e-04
2.706755720720917984e-04
2.688786957044430660e-04
2.672022136409376442e-04
2.655763490219476886e-04
2.639692174551278719e-04
2.623811330052746075e-04
2.608239359095637492e-04
2.592029023844778400e-04
2.576513561515259856e-04
2.560868101792678452e-04
2.545687438164096080e-04
2.530570973664403225e-04
2.515114809855997086e-04
2.500345743277643815e-04
2.485375104619953280e-04
2.471000249548986507e-04
2.456307265010026857e-04
2.441832264624749422e-04
2.427793620134323751e-04
2.413375523561625145e-04
2.399045830657013374e-04
2.385204218444985822e-04
2.371472804494335310e-04
2.357888982485090883e-04
2.344523395967818317e-04
2.331132639259494163e-04
2.317981769896312221e-04
2.304705214916690826e-04
2.291703547100580412e-04
2.278870277184127924e-04
2.266029408108335725e-04
2.253290026448826551e-04
2.240712114381389461e-04
2.228251669439901348e-04
2.215745412084148519e-04
2.203400028107497556e-04
2.191191297474050269e-04
2.178794112243049664e-04
2.166592393343071338e-04
2.154537114890548995e-04
2.142612659123135856e-04
2.130955463987870609e-04
2.118125348986003723e-04
2.103887498865712063e-04
2.090578401371052985e-04
2.078808768470904284e-04
2.066982819254159064e-04
2.055658845606106325e-04
2.044392611407251723e-04
2.033224291366193901e-04
2.022191681377204448e-04
2.011198477225966384e-04
2.000380882770578486e-04
1.989519994996520971e-04
1.978874470522442067e-04
1.968427766546074036e-04
1.957911783326056368e-04
1.947026482647046058e-04
1.936812190020272245e-04
1.926589132487146994e-04
1.916188109565424859e-04
1.906110420115058278e-04
1.895416219986889030e-04
1.883479107947416871e-04
1.873163065252622379e-04
1.863235168827550605e-04
1.853453737863059792e-04
1.843808984757478418e-04
1.834296642701110122e-04
1.824696893968269691e-04
1.815369583309682294e-04
1.806107711852385461e-04
1.796981005868342445e-04
1.787914749213558258e-04
1.778900113689543274e-04
1.770050785313399496e-04
1.760259042907730775e-04
1.749161833591660704e-04
1.737962904760967766e-04
1.729008907635909008e-04
1.720256403800950282e-04
1.711334033056608568e-04
1.702679698653934693e-04
1.694088715321224461e-04
1.685533240201437751e-04
1.677180949623836826e-04
1.668907716110686285e-04
1.660779701703263072e-04
1.652730024931550572e-04
1.644593623831413630e-04
1.635989328749716759e-04
1.628036207043396448e-04
1.619819715932956788e-04
1.611977158336408119e-04
1.604171376955169275e-04
1.593828689757078372e-04
1.584496192844928953e-04
1.576677688106184732e-04
1.569183365363595751e-04
1.561575526641517772e-04
1.552730396222509171e-04
1.545041926414008205e-04
1.537584875397731343e-04
1.529544177428878479e-04
1.522229315538350003e-04
1.515063396369152539e-04
1.508015463309873351e-04
1.501055121179224099e-04
1.493611500564679382e-04
1.486803048293088686e-04
1.480086721565048900e-04
1.473289457127241518e-04
1.466593183261780185e-04
1.459692291925993046e-04
1.453105815989096333e-04
1.446760507788860011e-04
1.440239315081831290e-04
1.433932795743320424e-04
1.427558519285161470e-04
1.421266543419583714e-04
1.415147157196502948e-04
1.408850993414195209e-04
1.402850208281093138e-04
1.396454467534888940e-04
1.388703438283808906e-04
1.382739850607621085e-04
1.376905498677144491e-04
1.371058713942239452e-04
1.365169765412225795e-04
1.359224569534241188e-04
1.353488580668119729e-04
1.347876925246055955e-04
1.341784251120419923e-04
1.336088430494409792e-04
1.330546605091429487e-04
1.325100655291792137e-04
1.319724188270056321e-04
1.314480461479472452e-04
1.308572926332477230e-04
1.303397391168323403e-04
1.298247336028693247e-04
1.293094331267813260e-04
1.288105798816688416e-04
1.283151702682288990e-04
1.278236911672787641e-04
1.273469272944668224e-04
1.268650314726614851e-04
1.263597006823556027e-04
1.258729204922148033e-04
1.252483832568255042e-04
1.247589294211183964e-04
1.242928593313814389e-04
1.238429791486549624e-04
1.233921768674222112e-04
1.229506828026486571e-04
1.223844536612001173e-04
1.217528714817510036e-04
1.212940107899842298e-04
1.208686030455600709e-04
1.204455216764617161e-04
1.200094326241911598e-04
1.195907950744069315e-04
1.191828679578223123e-04
1.187694632156001688e-04
1.183744139928106023e-04
1.179884588451944339e-04
1.175976464835071412e-04
1.172068584282942301e-04
1.168242502649814187e-04
1.164415741989600591e-04
1.160536102122665619e-04
1.156771027542507298e-04
1.153122608106597273e-04
1.149617604591902605e-04
1.145529761959903053e-04
1.141269454950634117e-04
1.137165497296304219e-04
1.133535726380919168e-04
1.128951451473779449e-04
1.125163012715784495e-04
1.121728169930243899e-04
1.118407066779894277e-04
1.115111902175392941e-04
1.111611627184957160e-04
1.108301594013374471e-04
1.105014937316128496e-04
1.101762798860762941e-04
1.098195624295923467e-04
1.095164926837890974e-04
1.091979012428062189e-04
1.088990189672964720e-04
1.086088042086343390e-04
1.083074871176234780e-04
1.080288589998121751e-04
1.077370168331430900e-04
1.074491708156969624e-04
1.069023282902161658e-04
1.066115841171087395e-04
1.062368390226739868e-04
1.057868557319323289e-04
1.051586451587801846e-04
1.048664897937322195e-04
1.045916204315238128e-04
1.043261517218071186e-04
1.040657469009977971e-04
1.037579586349203357e-04
1.035102986430122058e-04
1.032631338995509967e-04
1.030235890171977883e-04
1.027884373447593175e-04
1.025497624505687557e-04
1.022941300207998655e-04
1.020543279697394426e-04
1.018286957870980641e-04
1.014842624922156867e-04
1.012490748376925539e-04
1.010209060435169649e-04
1.007983850638778981e-04
1.005930968161146725e-04
1.003813092561414743e-04
1.000527324704329367e-04
9.985690750969152723e-05
9.964608383556580989e-05
9.945038116095333662e-05
9.925381043545433474e-05
9.905533344858900499e-05
9.886716780934938389e-05
9.866047702317641945e-05
9.848161363270115131e-05
9.825609699223522304e-05
9.808527018740134922e-05
9.789538425286276112e-05
9.771195561925023537e-05
9.751167010160270124e-05
9.720314169040552687e-05
9.704329048176910360e-05
9.688556237802666633e-05
9.673113551305003333e-05
9.657524944485538566e-05
9.642798043727517977e-05
9.623370303055232399e-05
9.609086647447407617e-05
9.594643176940391405e-05
9.580469739708329894e-05
9.564177882773933529e-05
9.550143757306228990e-05
9.537192251892533741e-05
9.522759425074916887e-05
9.509359296134477181e-05
9.497233175624339235e-05
9.482100601665731160e-05
9.470593994253428309e-05
9.457578469504072461e-05
9.445124114688336681e-05
9.433992014475976284e-05
9.422295223381144873e-05
9.411739326901493526e-05
9.399267442887042085e-05
9.384323513748386793e-05
9.372051330776251011e-05
9.361832322191937354e-05
9.352249428495758548e-05
9.341567384120986702e-05
9.329794445840564586e-05
9.313606000669905636e-05
9.302240974152470418e-05
9.293138542080259528e-05
9.283895985316772688e-05
9.274150366405313039e-05
9.266213608138712705e-05
9.255084463921345631e-05
9.247626698414032175e-05
9.239290878775711696e-05
9.231539349151552103e-05
9.215486954865589756e-05
9.207912101341620380e-05
9.196765442895936968e-05
9.188141817060955932e-05
9.181795357057175304e-05
9.171569913200125945e-05
9.162517144598779579e-05
9.151897577014254286e-05
9.140543313496445543e-05
9.131947833427634699e-05
9.118380805148481184e-05
9.110136475260723532e-05
9.104236834438040129e-05
9.097800656005040399e-05
9.091023122548736075e-05
9.086026370157283328e-05
9.078660461579221412e-05
9.073204495483363618e-05
9.068127863825248031e-05
9.062823502543079866e-05
9.058072581181736275e-05
9.052831481713706529e-05
9.047528845472224289e-05
9.041044438676002566e-05
9.036576556857784433e-05
9.030574486154017413e-05
9.022535647306657099e-05
9.017400737130606080e-05
9.011153445347514716e-05
9.006357479069383655e-05
9.002472362322011881e-05
8.997041088814320591e-05
8.992655204847823931e-05
8.987198657306424466e-05
8.983746586268814827e-05
8.979485635615402645e-05
8.975766519972160095e-05
8.971667655639897743e-05
8.967204751580749617e-05
8.960523026202189963e-05
8.957938688211041791e-05
8.954762107015514514e-05
8.949836825306483115e-05
8.946435076132150041e-05
8.944023346066659488e-05
8.938380321083145858e-05
8.935260637242059892e-05
8.932166895124130481e-05
8.927417378742520519e-05
8.920590642660186458e-05
8.917956923759380995e-05
8.915798077592110369e-05
8.913650527433690540e-05
8.911225850361255527e-05
8.909604879393631432e-05
8.907492031128378610e-05
8.904352879379290016e-05
8.898830154324893023e-05
8.890998242851650736e-05
8.889422364778107365e-05
8.887552798059448502e-05
8.882911676247016183e-05
8.876485100665131652e-05
8.874989648987799276e-05
8.872439117832887792e-05
8.871084490747826003e-05
8.870125214416618600e-05
8.868251168827634716e-05
8.866291827245323344e-05
8.865003664715835749e-05
8.863911429108647195e-05
8.862754604410370851e-05
8.861834616277994314e-05
8.860475265962746111e-05
8.858560718316033794e-05
8.857176058910178084e-05
8.855635507533736169e-05
8.850454189965496895e-05
8.841995324023878646e-05
8.837786096890613841e-05
8.830766878929805061e-05
8.829172336979907723e-05
8.825827885548637142e-05
8.824973857825701323e-05
8.821866220436721596e-05
8.821128201803517222e-05
8.812244976831945195e-05
8.811040868537249897e-05
8.806968731182382849e-05
8.805892271309480367e-05
8.804817179998596153e-05
8.803962366738522067e-05
8.803195054892261188e-05
8.802546375240672750e-05
8.801111252435025165e-05
8.800255601908761268e-05
8.790852186463636998e-05
8.787431336053060441e-05
8.786797188387863685e-05
8.783454749047732424e-05
8.782871558401622288e-05
8.778848105198193376e-05
8.777738035236444178e-05
8.777026519820868425e-05
8.776408039632507699e-05
8.776059037403661773e-05
8.773929936818710849e-05
8.773280858819221793e-05
8.772784524345737453e-05
8.770775248299586861e-05
8.770095067627259853e-05
8.769487114770240042e-05
8.768944668990824088e-05
8.768712723455092774e-05
8.768365721083902086e-05
8.768279189690671019e-05
8.767780353295881999e-05
8.766183824139627077e-05
8.765000473366702015e-05
8.761803034001369131e-05
8.760022004885481735e-05
8.759634726927489315e-05
8.759318086498359352e-05
8.759214791046969061e-05
8.759140145505220723e-05
8.758329136947743266e-05
8.758081237993218962e-05
8.757992381854830775e-05
8.757803374317572800e-05
8.757421045856811988e-05
8.755826592345844223e-05
8.753367211579778128e-05
8.752574614419928237e-05
8.752352904973316255e-05
8.752195128597335195e-05
8.751869716262682044e-05
8.751591577260975374e-05
8.751127856963464096e-05
8.750992445571948667e-05
8.750930698165593452e-05
8.750442686328444638e-05
8.750181275488868747e-05
8.749832967402010634e-05
8.749482945422489477e-05
8.749243676433937156e-05
8.749197515658476050e-05
8.748793373790333310e-05
8.746233668440176379e-05
8.741709808272893020e-05
8.741166091360599562e-05
8.739436684324395710e-05
8.737931771258596752e-05
8.737400049671941295e-05
8.736414508069997550e-05
8.735390831417824123e-05
8.732801551828503624e-05
8.732341562774714814e-05
8.731311023029533259e-05
8.731074456445710240e-05
8.729041766372063838e-05
8.726746555525162019e-05
8.725639162492734478e-05
8.724581610816276110e-05
8.720930346414439561e-05
8.720741340715935615e-05
8.719000686918415999e-05
8.716786357791466398e-05
8.715964065418401038e-05
8.713569416463721475e-05
8.712457811005673482e-05
8.710126166499196593e-05
8.706112204342386824e-05
8.704810767217735089e-05
8.701746951735992483e-05
8.698752200442607958e-05
8.696658549418393174e-05
8.695192617229762931e-05
8.694455801993393050e-05
8.692593910015918013e-05
8.685177542864147603e-05
8.684220638990201499e-05
8.681059475975322446e-05
8.680016854695746015e-05
8.679986673523304398e-05
8.680280142560869701e-05
8.671908253738384994e-05
8.668597707006401774e-05
8.667289124001943375e-05
8.665354745794308583e-05
8.663222733085399071e-05
8.660476902827191656e-05
8.659128705801171779e-05
8.657572664724395308e-05
8.655208200888433719e-05
8.652903006854168909e-05
8.654200833483739026e-05
8.645050732290981098e-05
8.644087347552924380e-05
8.638419323910881506e-05
8.634547548885164871e-05
8.636458533291652389e-05
8.644079799428784226e-05
8.639302493220792079e-05
8.635480910768789282e-05
8.637133077262783808e-05
8.637542913919581675e-05
8.625898223251934579e-05
8.645111484371220678e-05
8.659540611171372268e-05
8.681411636656223227e-05
8.705182766215154640e-05
8.676426226353605451e-05
8.717814828617420392e-05
8.684859395332129243e-05
8.821702521232491635e-05
