2.476226374068744938e-03
1.149254961932074954e-03
7.164777911095943693e-04
4.991638477677151371e-04
3.637684093528727159e-04
2.710348409105386514e-04
2.072340604123542793e-04
1.644557684835741768e-04
1.364672662240324632e-04
1.194335359046676541e-04
1.059415814073493288e-04
1.003634160567854877e-04
9.711808723616592370e-05
9.518006750721185003e-05
9.445163419646233471e-05
9.405745504696005769e-05
9.388385381224960251e-05
9.379935723602702928e-05
9.372545815182596748e-05
9.366356094442528286e-05
9.360884903911269978e-05
9.356066679427374564e-05
9.351464022068836646e-05
9.347807142368177655e-05
9.344772402935478273e-05
9.342270869940971865e-05
9.340234730239034924e-05
9.338352519161843574e-05
9.337108714441098834e-05
9.336173978014847892e-05
9.335581150425953183e-05
9.335189449308028097e-05
9.334973770643997879e-05
9.334856786543516399e-05
9.334848458612373854e-05
9.334843027529774687e-05
9.334838168257706575e-05
9.334826027198038804e-05
9.334813484404578859e-05
9.334808135698478978e-05
9.334797947693322130e-05
9.334787972793851267e-05
9.334781442168934825e-05
9.334774835451741914e-05
9.334769440655450094e-05
9.334765420790292389e-05
9.334761096250542651e-05
9.334759875741158446e-05
9.334752495058746093e-05
9.334744772331969446e-05
9.334738066564985271e-05
9.334736092648975784e-05
9.334733304940646633e-05
9.334732680361219285e-05
9.334723106356048274e-05
9.334716735654931296e-05
9.334709099221602622e-05
9.334699141978894041e-05
9.334694060353734314e-05
9.334682507225990013e-05
9.334677946966464599e-05
9.334671053292543507e-05
9.334664468105160866e-05
9.334663313464227220e-05
9.334659976910796486e-05
9.334649270035798069e-05
9.334631327766942791e-05
9.334618834651337721e-05
9.334609980563512120e-05
9.334602687049002871e-05
9.334594671379426757e-05
9.334581546253328214e-05
9.334576320848669275e-05
9.334570562154752857e-05
9.334559392476061773e-05
9.334547380338057115e-05
9.334532152895985084e-05
9.334521835113207837e-05
9.334508853486354440e-05
9.334490887332305752e-05
9.334485186141692939e-05
9.334470732602569197e-05
9.334455529772954421e-05
9.334445933391551412e-05
9.334443447667115882e-05
9.334424081729192227e-05
9.334408969276667485e-05
9.334397235801160364e-05
9.334381150367352135e-05
9.334379504667377728e-05
9.334366211749181965e-05
9.334345247302428938e-05
9.334320656053850739e-05
9.334292656807098240e-05
9.334288894734049050e-05
9.334280609466524912e-05
9.334276370415148824e-05
9.334273749744130576e-05
9.334257301738312443e-05
9.334240659706496512e-05
9.334228592220079369e-05
9.334190892106621886e-05
9.334167173452527608e-05
9.334145724670774090e-05
9.334118863145958651e-05
9.334099760376113905e-05
9.334074305978299919e-05
9.334049862523476765e-05
9.334014098077719355e-05
9.333986970756769086e-05
9.333961390940674467e-05
9.333939287917314583e-05
9.333921898148968841e-05
9.333905481908629084e-05
9.333884727533846455e-05
9.333861288809703737e-05
9.333842279849824484e-05
9.333814103035097825e-05
9.333803859952992388e-05
9.333774553165259831e-05
9.333741068545309727e-05
9.333715149710730327e-05
9.333684499676567616e-05
9.333666831600988928e-05
9.333630402599726438e-05
9.333606094000747766e-05
9.333602475219985792e-05
9.333573858195599773e-05
9.333539698693494300e-05
9.333505310401990647e-05
9.333476537963755521e-05
9.333449845608819738e-05
9.333411199002795316e-05
9.333370371515522189e-05
9.333350335939784640e-05
9.333316220004784928e-05
9.333301545919658123e-05
9.333266807400584543e-05
9.333206997556014334e-05
9.333155802700618636e-05
9.333098428046766664e-05
9.333063374431345904e-05
9.332997584820247020e-05
9.332941302509681727e-05
9.332893595344804363e-05
9.332807129622419878e-05
9.332728098680720917e-05
9.332684861420033448e-05
9.332649488532170816e-05
9.332611246409709736e-05
9.332560798220062746e-05
9.332514954255557635e-05
9.332466065142668856e-05
9.332404439386597346e-05
9.332344479889982094e-05
9.332303962827524432e-05
9.332242939543561582e-05
9.332203610452289373e-05
9.332133900543771821e-05
9.332069603002978949e-05
9.332026523088038426e-05
9.331953290857480444e-05
9.331886199714697753e-05
9.331831843563741333e-05
9.331773869198574140e-05
9.331715551731007698e-05
9.331662729722818529e-05
9.331587901669234414e-05
9.331475524518344439e-05
9.331382601563666058e-05
9.331313288848899648e-05
9.331238082674588800e-05
9.331158966505147549e-05
9.331067896024078520e-05
9.331016993618532153e-05
9.330947029769343212e-05
9.330841224497080739e-05
9.330761461003303969e-05
9.330710688675291362e-05
9.330636128414137459e-05
9.330529877594026967e-05
9.330414015919823926e-05
9.330330372696568121e-05
9.330205737023088933e-05
9.330149501224321146e-05
9.330017366977874432e-05
9.329887851523584587e-05
9.329759148743514653e-05
9.329633296291924905e-05
9.329497440573165750e-05
9.329396820810433727e-05
9.329297321182077041e-05
9.329161899180343667e-05
9.329098932776475387e-05
9.328985826261499738e-05
9.328938631500291673e-05
9.328858697222682406e-05
9.328765767455400701e-05
9.328622005337721377e-05
9.328542837661181030e-05
9.328474388062529387e-05
9.328330102088929399e-05
9.328225836429418450e-05
9.328083937495147682e-05
9.327943994763830985e-05
9.327734718472866068e-05
9.327524307130982879e-05
9.327377223086464860e-05
9.327305127297025767e-05
9.327161244112763306e-05
9.327056334181310518e-05
9.326956174798461312e-05
9.326823709209274623e-05
9.326666510667807740e-05
9.326514867370577484e-05
9.326434441205237855e-05
9.326317760608140365e-05
9.326108135063370861e-05
9.325908540713032503e-05
9.325757442210645708e-05
9.325520964817493326e-05
9.325370431298439543e-05
9.325112525271848083e-05
9.324973009509206375e-05
9.324803559315570040e-05
9.324649050131982616e-05
9.324542938803537413e-05
9.324244745975329067e-05
9.323972265613562210e-05
9.323690916829297794e-05
9.323448167638444272e-05
9.323270363723622277e-05
9.323139044532254656e-05
9.322916959154891844e-05
9.322753218820726054e-05
9.322506551864927877e-05
9.322249968359609142e-05
9.322100585089036350e-05
9.321886642929548452e-05
9.321643034977043730e-05
9.321346383930388343e-05
9.321158354372720040e-05
9.320883418797135014e-05
9.320512161175354456e-05
9.320286185804617298e-05
9.320083029721616934e-05
9.319874774714616804e-05
9.319496546459131935e-05
9.319282986262726349e-05
9.318952066091496780e-05
9.318618444483477018e-05
9.318371699013325890e-05
9.318158481601309501e-05
9.317821367060865321e-05
9.317582728321589162e-05
9.317273085022365119e-05
9.316938171075731033e-05
9.316719011318329085e-05
9.316247595882450419e-05
9.315995436254327785e-05
9.315693952420778202e-05
9.315425572791151269e-05
9.315026639316481170e-05
9.314734046923286569e-05
9.314233340427963159e-05
9.313868291241479767e-05
9.313666998166758137e-05
9.313125512524775068e-05
9.312662177388751996e-05
9.312243952224659471e-05
9.311990867512166565e-05
9.311693853996130495e-05
9.311196185702306279e-05
9.310665863852005206e-05
9.310338798515017163e-05
9.310042093883515255e-05
9.309746937658682614e-05
9.309498184665324300e-05
9.309026141112932025e-05
9.308649158100740944e-05
9.308101174895788438e-05
9.307645174511634551e-05
9.307154728045170095e-05
9.306553630562128189e-05
9.305746845606271901e-05
9.305074648037599207e-05
9.304626121911741205e-05
9.304297956558987837e-05
9.303837604019602424e-05
9.303473990559326008e-05
9.302896243378707601e-05
9.302371353104072382e-05
9.301347723491610762e-05
9.300639357644523511e-05
9.300068682095016738e-05
9.299678547296736438e-05
9.298969549547711456e-05
9.298351672799067815e-05
9.297725353212601268e-05
9.296922707487924201e-05
9.296357683818963849e-05
9.295726081020672191e-05
9.295199631151745696e-05
9.294212479626776709e-05
9.293496967333370897e-05
9.292880089797348538e-05
9.291719678109947684e-05
9.291062604103531302e-05
9.290517818460585636e-05
9.289832112696402703e-05
9.289006031445153978e-05
9.288046083188615173e-05
9.287032332710649961e-05
9.286466493226718964e-05
9.284995054880479327e-05
9.284255347685124065e-05
9.283084632310780382e-05
9.282250043775034840e-05
9.281471320631633454e-05
9.279789513918326228e-05
9.278313436632998855e-05
9.277325937143665569e-05
9.275629997939435648e-05
9.274158895254042188e-05
9.272749825593302163e-05
9.271888665264334391e-05
9.271203887212867676e-05
9.269820212208507290e-05
9.267984618151980339e-05
9.266863189915465265e-05
9.265819312284283781e-05
9.263593508667360274e-05
9.262654882880983593e-05
9.260909217623330112e-05
9.259414984114012115e-05
9.258036720522901737e-05
9.256146383675036384e-05
9.255069126045020712e-05
9.253536839612654607e-05
9.251776985228968688e-05
9.250295168393170948e-05
9.248654668403890754e-05
9.247721613057685759e-05
9.245643127585180651e-05
9.243690754219182216e-05
9.242040358950755707e-05
9.237037390949926754e-05
9.234312653292615209e-05
9.232697801581411052e-05
9.230588427657831694e-05
9.227882296804027233e-05
9.224429142300436001e-05
9.210949650933925319e-05
9.209296462755686696e-05
9.206958367531054639e-05
9.205191910384002280e-05
9.202433847204559642e-05
9.199629067348668221e-05
9.194079129005827526e-05
9.190394743966887828e-05
9.186558156893388197e-05
9.182448410651046055e-05
9.177791797645523881e-05
9.173863051446188438e-05
9.170338641877405332e-05
9.167928354600377537e-05
9.165296708597991016e-05
9.155981591410131907e-05
9.147589627769637567e-05
9.142941353941855124e-05
9.140633108241640482e-05
9.132142112196205174e-05
9.128684996308866057e-05
9.120794107176017403e-05
9.115908761553868402e-05
9.101559843030350232e-05
9.082657607785485354e-05
9.071539134468963354e-05
9.065407746924333083e-05
9.053118400169588302e-05
9.043094140017658982e-05
9.028435553930518227e-05
9.023503667085850798e-05
9.013511364935101490e-05
9.002194846117442424e-05
8.969501014236332277e-05
8.940034718675161560e-05
8.922459165333893646e-05
8.908575206436859047e-05
8.903686780881747459e-05
8.884636814207259512e-05
8.859567871500908219e-05
8.835098425077205040e-05
8.814271213981906292e-05
8.801702992358411272e-05
8.792516396323190361e-05
8.779841846625179177e-05
8.759035261740820671e-05
8.744185180527908128e-05
8.727313894454432231e-05
8.713737641378528946e-05
