7.962775241841059393e-03
6.836623096699721153e-03
6.168665431467570265e-03
5.661646499984706628e-03
5.247218879598011289e-03
4.894886756460485600e-03
4.591545878874714152e-03
4.324989630998141328e-03
4.083648632052719676e-03
3.862566841249093393e-03
3.657682441112536462e-03
3.468549459353921244e-03
3.293514116294353044e-03
3.130546343779980721e-03
2.978771151372830786e-03
2.836983829501311342e-03
2.704433227220809453e-03
2.580423516166375792e-03
2.464472091840754723e-03
2.355864660089075462e-03
2.253899723118175328e-03
2.157936237947392314e-03
2.067426313467052475e-03
1.982021363544811052e-03
1.901137695449785009e-03
1.824583852004538599e-03
1.751976160252938447e-03
1.683205066422213117e-03
1.617925372801804276e-03
1.556007108072905536e-03
1.497154164951878868e-03
1.441233175909646322e-03
1.388021804023807301e-03
1.337501218281895218e-03
1.289378455056300462e-03
1.243484547875465911e-03
1.199745511256405809e-03
1.158005702530059229e-03
1.118111675209938500e-03
1.080007311803751887e-03
1.043559943862875337e-03
1.008672211750572976e-03
9.752593696718042573e-04
9.432976736090706001e-04
9.127036815093970447e-04
8.833841449673481006e-04
8.552617874697083199e-04
8.283102715869155707e-04
8.025012294458662302e-04
7.777779264206593742e-04
7.540938754294715949e-04
7.314182590972874171e-04
7.097321079938814434e-04
6.889796916766478601e-04
6.691066020745853240e-04
6.501278778664642188e-04
6.320079337429650775e-04
6.147164487320036638e-04
5.982073954619062913e-04
5.824695682541571181e-04
5.674708123808465529e-04
5.531903105009957451e-04
5.396134965624184475e-04
5.266911784092961554e-04
5.144170154434510745e-04
5.027729072331610632e-04
4.917560085902483984e-04
4.813094370378988404e-04
4.713898281911691910e-04
4.620102717902158248e-04
4.531346942490269755e-04
4.447431236770335063e-04
4.367879763269694703e-04
4.292746093286124113e-04
4.221750885967086395e-04
4.154476458577304647e-04
4.090465918126097011e-04
4.029692306342966919e-04
3.972019520881882575e-04
3.917078710402164448e-04
3.864619111271693159e-04
3.814330000565265932e-04
3.766099810918891789e-04
3.719665440410775377e-04
3.674805387756138026e-04
3.631409814362494587e-04
3.589507442096540502e-04
3.548940681464595793e-04
3.509649335857176265e-04
3.471574523847671353e-04
3.434619349230137730e-04
3.398676089757549047e-04
3.363723092403157386e-04
3.329721198442746506e-04
3.296570411121524922e-04
3.264270465563596352e-04
3.232646081628858556e-04
3.201805202921666508e-04
3.171586918817740968e-04
3.142081288253440667e-04
3.113198346082890608e-04
3.084900514605852734e-04
3.057174595569642607e-04
3.030064518874177088e-04
3.003490973888719171e-04
2.977415684414732211e-04
2.951845997625377957e-04
2.926700643841890354e-04
2.902010022013290936e-04
2.877685618639318319e-04
2.853804164325398816e-04
2.830319420761502115e-04
2.807234525108529824e-04
2.784412966866539629e-04
2.762067714123243498e-04
2.740112577619671012e-04
2.718443561062087923e-04
2.697109260878963557e-04
2.676084874639202658e-04
2.655399245343194564e-04
2.634941767509019141e-04
2.614778044116450729e-04
2.594856361986177672e-04
2.575171901470394657e-04
2.555825731486142016e-04
2.536750944474748244e-04
2.517867255919169450e-04
2.499184679061503640e-04
2.480760383114365576e-04
2.462595322568784115e-04
2.444557611886308745e-04
2.426805614609767246e-04
2.409253616840119111e-04
2.391936375628681260e-04
2.374780813116949586e-04
2.357817630208243237e-04
2.341075957500238030e-04
2.324503201666310666e-04
2.308027825396881090e-04
2.291806464378029701e-04
2.275742041236748043e-04
2.259890577154060568e-04
2.244190299361690567e-04
2.228608945400080302e-04
2.213238265655361175e-04
2.198000289891007821e-04
2.182957390590309571e-04
2.168055665283777128e-04
2.153278138694107149e-04
2.138695864493692859e-04
2.124233392563973843e-04
2.109942731344394834e-04
2.095805259307098806e-04
2.081798677555821121e-04
2.067866504590459278e-04
2.054090883359069601e-04
2.040461988025993193e-04
2.026968698303566803e-04
2.013561732051774426e-04
2.000315607027032983e-04
1.987177899186015053e-04
1.974173446280170932e-04
1.961267061782424816e-04
1.948522874513847951e-04
1.935863524164130951e-04
1.923358572622272907e-04
1.910980207966211583e-04
1.898724925391766271e-04
1.886585479477069244e-04
1.874552303229836130e-04
1.862654053260532586e-04
1.850863012849664267e-04
1.839155840046755280e-04
1.827564922470818916e-04
1.816128798691903328e-04
1.804769495636296016e-04
1.793511288587170294e-04
1.782370250776930769e-04
1.771302255682315533e-04
1.760334423278592632e-04
1.749465938437202257e-04
1.738729542607144114e-04
1.728137412414569812e-04
1.717637512193477295e-04
1.707222106761154652e-04
1.696922848906178927e-04
1.686748220400289340e-04
1.676632672888526423e-04
1.666669477963458759e-04
1.656755483527996115e-04
1.646962407262623389e-04
1.637301610092235652e-04
1.627728853477877779e-04
1.618257209508136324e-04
1.608880538618387174e-04
1.599621401330488934e-04
1.590440651729480156e-04
1.581378618787828956e-04
1.572411762904325772e-04
1.563563040355346958e-04
1.554809762263414323e-04
1.546142963906257679e-04
1.537565607797171060e-04
1.529065494679314029e-04
1.520688413900901637e-04
1.512432806901164290e-04
1.504256297520951545e-04
1.496170374334191311e-04
1.488214832264719292e-04
1.480350376404967051e-04
1.472578157845701077e-04
1.464889754262532350e-04
1.457288930857088456e-04
1.449760383834207389e-04
1.442334123600549423e-04
1.435002723628675753e-04
1.427748498246624628e-04
1.420559276440844937e-04
1.413476579258166651e-04
1.406509676754681064e-04
1.399587244292874492e-04
1.392751058111416790e-04
1.386035028655184325e-04
1.379392454059132913e-04
1.372848282667698898e-04
1.366414118557987957e-04
1.360057670102122031e-04
1.353778447410096473e-04
1.347584962907821923e-04
1.341476477111408407e-04
1.335457714436013785e-04
1.329521738796504346e-04
1.323668266254412736e-04
1.317869081883405325e-04
1.312115181836374391e-04
1.306432929220260203e-04
1.300853112774788621e-04
1.295392903391377900e-04
1.290001354540890445e-04
1.284689805550864449e-04
1.279458133528011755e-04
1.274282376576935604e-04
1.269209160872189794e-04
1.264192070288883466e-04
1.259226494075967539e-04
1.254347727919939497e-04
1.249574214197371903e-04
1.244896752528121145e-04
1.240291678266567884e-04
1.235778659479877268e-04
1.231334441368440167e-04
1.226931273347269631e-04
1.222639595227762073e-04
1.218412450590821046e-04
1.214274291911021067e-04
1.210221754534112341e-04
1.206196056361688655e-04
1.202302381434344758e-04
1.198325418125528589e-04
1.194558729700506043e-04
1.190873588785209696e-04
1.187252976715480544e-04
1.183717762182060396e-04
1.180232646901245054e-04
1.176813849299092774e-04
1.173489458641092064e-04
1.170212081400746776e-04
1.167007038698338956e-04
1.163890805533665757e-04
1.160839988956980832e-04
1.157854379768206944e-04
1.154940377878239520e-04
1.152032750349946583e-04
1.149239173241597316e-04
1.146490110378798856e-04
1.143798955490401279e-04
1.141183461716907533e-04
1.138616272072902140e-04
1.136127442561244447e-04
1.133692004479074501e-04
1.131281672714480678e-04
1.128954167304960948e-04
1.126660931963726248e-04
1.124416412789716461e-04
1.122240093471416333e-04
1.120091964040689162e-04
1.118005619794205528e-04
1.115979458932435825e-04
1.114002560187332019e-04
1.112075988437222175e-04
1.110200168365565809e-04
1.108350495275546295e-04
1.106522461919031916e-04
1.104766536623175014e-04
1.103045758735805718e-04
1.101374539925358182e-04
1.099743803461145899e-04
1.098093101956276122e-04
1.096516174529488344e-04
1.094992545377439398e-04
1.093510791575018733e-04
1.092058807281580016e-04
1.090637304331555521e-04
1.089245515412687814e-04
1.087910308637922034e-04
1.086597589809549120e-04
1.085312171572327288e-04
1.084079203813582656e-04
1.082871614611984848e-04
1.081650460373361394e-04
1.080496179733117865e-04
1.079375702393682373e-04
1.078246316867463573e-04
1.077182798444706362e-04
1.076144882985842689e-04
1.075139186675116358e-04
1.074144869409367220e-04
1.073182792918739347e-04
1.072236024343068805e-04
1.071318865553476499e-04
1.070417053528169738e-04
1.069551702381188983e-04
1.068712008877295203e-04
1.067884082001366373e-04
1.067052840021404651e-04
1.066280881948399907e-04
1.065536162643844611e-04
1.064816360217325401e-04
1.064114288939553527e-04
1.063381449949191718e-04
1.062710262739281823e-04
1.062020941424413712e-04
1.061378689300561536e-04
1.060767211646875837e-04
1.060166330357001629e-04
1.059590280780465268e-04
1.059033793609130908e-04
1.058461377906321649e-04
1.057885106883020554e-04
1.057336715597964458e-04
1.056833586222489195e-04
1.056351628126763327e-04
1.055881052439791600e-04
1.055422402236849791e-04
1.054971227573300949e-04
1.054530798279635972e-04
1.054080305045067078e-04
1.053665549368433248e-04
1.053241073459846639e-04
1.052863288463729105e-04
1.052491556685526686e-04
1.052114049382281782e-04
1.051739193956098328e-04
1.051397462008319300e-04
1.051062520774235029e-04
1.050702187307209765e-04
1.050380345922050969e-04
1.050073222185595931e-04
1.049773003759384046e-04
1.049483206849396343e-04
1.049211716581271189e-04
1.048950365704840858e-04
1.048643012469844204e-04
1.048395041509623410e-04
1.048150478377738679e-04
1.047907336061892013e-04
1.047682282929002332e-04
1.047447441210537007e-04
1.047226528560713053e-04
1.047011554684233449e-04
1.046803830826687300e-04
1.046616780216856504e-04
1.046422811237443382e-04
1.046239858323047914e-04
1.046068862795842760e-04
1.045898901752145577e-04
1.045716626460423522e-04
1.045437425929596903e-04
1.045276628996680572e-04
1.045125491432002100e-04
1.044953514647259428e-04
1.044811379883119979e-04
1.044673165990245587e-04
1.044378093220806422e-04
1.044244916995466809e-04
1.044121025639413377e-04
1.043993016824727190e-04
1.043872711155948742e-04
1.043763515715286625e-04
1.043651515717105129e-04
1.043545501815914178e-04
1.043434154087906319e-04
1.043328241325444379e-04
1.043234396459936393e-04
1.043132228448148284e-04
1.043044421324691685e-04
1.042961255467508033e-04
1.042877291088679795e-04
1.042787721160174237e-04
1.042707584086852889e-04
1.042588311789320138e-04
1.042516450031304165e-04
1.042447679015205962e-04
1.042377850984835236e-04
1.042310718049424296e-04
1.042244874731497337e-04
1.042180219128470496e-04
1.042112333758635109e-04
1.042055760028875132e-04
1.041998999845781642e-04
1.041941920171478677e-04
1.041863412172755666e-04
1.041812026870104563e-04
1.041758061937675037e-04
1.041707402967640490e-04
1.041661818387044046e-04
1.041617324928037654e-04
1.041572055073263788e-04
1.041527118176830048e-04
1.041483806762490475e-04
1.041434021588102092e-04
1.041390534451061155e-04
1.041346085697575379e-04
1.041277757636275723e-04
1.041241087312034109e-04
1.041208660814930075e-04
1.041156470704893958e-04
1.041124166415670810e-04
1.041091728446928521e-04
1.041064781622776857e-04
1.041036019597608623e-04
1.041009659321734762e-04
1.040952267703887613e-04
1.040924951856167600e-04
1.040870771333354122e-04
1.040847456945997117e-04
1.040822825256436921e-04
1.040801427133192366e-04
1.040782293263136374e-04
1.040762926887877818e-04
1.040745557831171538e-04
1.040726076709068280e-04
1.040707371166683877e-04
1.040692323396190838e-04
1.040679599622806515e-04
1.040664576355911411e-04
1.040654724038231728e-04
1.040643623867748969e-04
1.040621063245730007e-04
1.040603304502975675e-04
1.040590949947953290e-04
1.040581331825759419e-04
1.040571343127713507e-04
1.040563294881355816e-04
1.040554861909969461e-04
1.040549978622707083e-04
1.040545810702286125e-04
1.040539488123164223e-04
1.040519476485836657e-04
1.040512276917256325e-04
1.040506331461636664e-04
1.040502082891038956e-04
1.040498055304052975e-04
1.040491188700807905e-04
1.040487655593583152e-04
1.040479424036839682e-04
1.040473407514871956e-04
1.040468654514173179e-04
1.040465119878851251e-04
1.040459604261601348e-04
1.040455916604009136e-04
1.040445212037123188e-04
1.040429184978535577e-04
1.040424945087218037e-04
1.040420748915487639e-04
1.040416151797276227e-04
1.040406440013222946e-04
1.040399080866635204e-04
1.040389207750234296e-04
1.040381976089867867e-04
1.040375120450139811e-04
1.040365157079499545e-04
1.040355916296811751e-04
1.040333544957573319e-04
1.040322067667247638e-04
1.040307684565547152e-04
1.040290681893055505e-04
1.040278310403092258e-04
1.040257606513844300e-04
1.040235101217029662e-04
1.040210318086324821e-04
1.040191726697832107e-04
1.040168991084740622e-04
1.040124360430080629e-04
1.040095851250345246e-04
1.039994362500282129e-04
1.039937350447970069e-04
1.039859909264757501e-04
1.039746683245898067e-04
1.039665272510646401e-04
1.039556337828339433e-04
