3.291788660045376238e-05
1.020454484614066173e-03
2.007991082627680075e-03
2.995527680641297662e-03
3.983064278654915684e-03
4.970600876668534139e-03
5.958137474682152594e-03
6.945674072695770182e-03
7.933210670709386902e-03
8.920747268723005358e-03
9.908283866736623813e-03
1.089582046475024227e-02
1.188335706276385899e-02
1.287089366077747744e-02
1.385843025879109590e-02
1.484596685680471262e-02
1.583350345481833107e-02
1.682104005283194953e-02
1.780857665084556798e-02
1.879611324885918644e-02
1.978364984687280143e-02
2.077118644488641988e-02
2.175872304290003834e-02
2.274625964091365679e-02
2.373379623892727525e-02
2.472133283694089370e-02
2.570886943495451216e-02
2.669640603296813061e-02
2.768394263098174907e-02
2.867147922899531201e-02
2.965901582700883679e-02
3.064655242502235810e-02
3.163408902303588288e-02
3.262162562104941460e-02
3.360916221906293938e-02
3.459669881707645722e-02
3.558423541508998200e-02
3.657177201310350678e-02
3.755930861111703156e-02
3.854684520913055634e-02
3.953438180714408112e-02
4.052191840515760590e-02
4.150945500317113068e-02
4.249699160118465546e-02
4.348452819919817330e-02
4.447206479721170502e-02
4.545960139522522286e-02
4.644713799323875458e-02
4.743467459125227242e-02
4.842221118926580414e-02
4.940974778727932892e-02
5.039728438529284676e-02
5.138482098330637848e-02
5.237235758131989632e-02
5.335989417933342804e-02
5.434743077734694588e-02
5.533496737536047066e-02
5.632250397337402320e-02
5.731004057138772839e-02
5.829757716940144746e-02
5.928511376741515959e-02
6.027265036542886478e-02
6.126018696344258385e-02
6.224772356145629598e-02
6.323526015947000811e-02
6.422279675748371330e-02
6.521033335549743237e-02
6.619786995351113756e-02
6.718540655152484276e-02
6.817294314953856182e-02
6.916047974755226702e-02
7.014801634556598608e-02
7.113555294357970515e-02
7.212308954159341035e-02
7.311062613960711554e-02
7.409816273762083461e-02
7.508569933563453980e-02
7.607323593364825887e-02
7.706077253166197794e-02
7.804830912967568313e-02
7.903584572768938832e-02
8.002338232570309351e-02
8.101091892371681258e-02
8.199845552173051777e-02
8.298599211974423684e-02
8.397352871775795591e-02
8.496106531577166110e-02
8.594860191378536629e-02
8.693613851179907148e-02
8.792367510981279055e-02
8.887829382122605648e-02
