1.426413228229566829e-03
1.148387821302644879e-03
9.477805140530613575e-04
7.922201410655863507e-04
6.656660757333986980e-04
5.592495509716294841e-04
4.698819528197000482e-04
3.947848508332005182e-04
3.303499873414803478e-04
2.748599993379396761e-04
2.270984568436367726e-04
1.862486758901633324e-04
1.515244976128477048e-04
1.219139431724891890e-04
9.687236152935009385e-05
7.575677378800221720e-05
5.820979670234845295e-05
4.403545992819518683e-05
3.276174664283617449e-05
2.410846213874917455e-05
1.781581964998231107e-05
1.334089098996355912e-05
1.009205167369124478e-05
7.650733093666322652e-06
5.818459839779216917e-06
4.486845442555583583e-06
3.492621415473436037e-06
2.775126843632165654e-06
2.270115698245454121e-06
1.896792048336362869e-06
1.626056093322455549e-06
1.396676536903666752e-06
1.249968753351120930e-06
1.108078357715160905e-06
1.001069488603814741e-06
9.266079390771166838e-07
8.631016187213007388e-07
8.059716545768931511e-07
7.751787582050868248e-07
7.332340245918590780e-07
7.020707236979374816e-07
6.863575792870878072e-07
6.837407123656928120e-07
6.772034470542045626e-07
6.750328205978135558e-07
6.658330571701555772e-07
6.633965229504222728e-07
6.612075546215491741e-07
6.584671254475896723e-07
6.580374091009284816e-07
6.530710361729587380e-07
6.527643069860009109e-07
6.514404821326969394e-07
6.514274429154470994e-07
6.473048328936364728e-07
6.402644890420958124e-07
6.392111940174453925e-07
6.390004493102808529e-07
6.379029214321413561e-07
6.369819889849876039e-07
6.362702026269943917e-07
6.352861468104585033e-07
6.355815479108001065e-07
6.327898210784774202e-07
6.208403655897887697e-07
6.127618107601536683e-07
6.121101949797410490e-07
6.115608902029166992e-07
6.118836150127197694e-07
6.096792787732864129e-07
6.086059389329876576e-07
6.077261332111518187e-07
6.065699616486154020e-07
6.058888805567057290e-07
6.018907554155675301e-07
5.971617454115532040e-07
5.937853657785244925e-07
5.919562263884707331e-07
5.847563089739264278e-07
5.829800535157716264e-07
5.758654148178476543e-07
5.732585128701513764e-07
5.701923127986430352e-07
5.689172012249182695e-07
5.687633132587630260e-07
5.711727543293309458e-07
5.751257461275669895e-07
5.761244509869446275e-07
5.808657105212894222e-07
5.800903304068286881e-07
5.872898310811359450e-07
