5.366519784641845571e-03
5.015240523566220562e-03
4.719842731012681078e-03
4.453280149926594142e-03
4.208900607255231137e-03
3.984138825390185802e-03
3.778338239315479335e-03
3.590564549957246492e-03
3.415524477096081903e-03
3.251942097114221032e-03
3.098405177246645568e-03
2.954612872635882081e-03
2.819459230068648882e-03
2.692389421801298643e-03
2.573334258705638981e-03
2.462423035999713235e-03
2.359210884779458506e-03
2.263890965327905458e-03
2.174915293722753506e-03
2.091753723679973601e-03
2.014562976995266496e-03
1.943242005555359964e-03
1.877005959725755414e-03
1.815851481365473360e-03
1.759639879715275360e-03
1.707863524636491805e-03
1.660001592797333281e-03
1.615377120879984930e-03
1.573387764209091934e-03
1.533799784348226312e-03
1.496582454431340204e-03
1.461398053476016404e-03
1.428216474098730057e-03
1.396641061142742460e-03
1.366486790928579881e-03
1.337674354557395664e-03
1.310053901246663061e-03
1.283681135576778811e-03
1.258508346080613148e-03
1.234487462191738482e-03
1.211744150859298420e-03
1.190338707317388240e-03
1.170149472204764542e-03
1.150990396361568956e-03
1.132860572948062115e-03
1.115689321436642281e-03
1.099533832820213160e-03
1.084229926012607228e-03
1.069706253873853926e-03
1.055905832724741804e-03
1.042884310488035671e-03
1.030505415622435909e-03
1.018774000815977996e-03
1.007661903583916213e-03
9.971951671631710916e-04
9.872705609680649131e-04
9.778780396959574090e-04
9.690445559799691633e-04
9.608100532719324226e-04
9.531831311173195008e-04
9.460994922045584113e-04
9.395247697647346593e-04
9.334215281134939420e-04
9.277406504050053843e-04
9.224217244512332523e-04
9.174432396708723323e-04
9.128012455745699878e-04
9.084172053986435281e-04
9.043134297810916968e-04
9.004547344375590226e-04
8.968407481288749161e-04
8.934514547767970260e-04
8.902814529080333794e-04
8.873203460276288951e-04
8.845522677303244933e-04
8.819570185738007540e-04
8.795353990426113197e-04
8.772663121102565031e-04
8.751570017279012388e-04
8.732099946844746599e-04
8.714177249705603451e-04
8.698022413363541445e-04
8.683540940202082864e-04
8.670483563787446946e-04
8.658863579906805668e-04
8.649116779557523014e-04
8.640408356194894572e-04
8.632774870445388904e-04
8.626417618791950778e-04
8.621062398138492960e-04
8.616482519419385719e-04
8.612497137941029467e-04
8.609370355664138419e-04
8.606632488083666059e-04
8.604498107839775008e-04
8.602855053225782903e-04
8.601513316353892602e-04
8.600578111232445346e-04
8.599805283101692559e-04
8.599331891673938884e-04
8.598939095188642230e-04
