7.962409039598937130e-03
6.693307521742428677e-03
5.967823825898267015e-03
5.426047910724420172e-03
4.985926398845966570e-03
4.617796618652699782e-03
4.302116339079512658e-03
4.024207390791397637e-03
3.773142299944184236e-03
3.543647612466812105e-03
3.333907964589619220e-03
3.141871903093418697e-03
2.964825712186033597e-03
2.801623923955955629e-03
2.650713095796393675e-03
2.511165592022326660e-03
2.382123860532722216e-03
2.262249164933036443e-03
2.150470815396237755e-03
2.046281372135635730e-03
1.948884929986424795e-03
1.857575987315958138e-03
1.771886412181735218e-03
1.691361162244145585e-03
1.615690813399699730e-03
1.544456261535029134e-03
1.477391573962857701e-03
1.414093453843613679e-03
1.354391309952928269e-03
1.298011601616293198e-03
1.244736453775674130e-03
1.194328221361231788e-03
1.146603848261620829e-03
1.101340909630780553e-03
1.058371612294050756e-03
1.017576734695769137e-03
9.787750565188070833e-04
9.418514198802919448e-04
9.067443563604528833e-04
8.733289018663170167e-04
8.414794506991790527e-04
8.111799615716495417e-04
7.823378616704772942e-04
7.549027884184211562e-04
7.288316214177919953e-04
7.040283482029698102e-04
6.804779572831670936e-04
6.580865272137718805e-04
6.368428360938609058e-04
6.167198600358800254e-04
5.976747065742097015e-04
5.796476184352143636e-04
5.625918047359219779e-04
5.464645085897558993e-04
5.312433631155957878e-04
5.168846395081200772e-04
5.033335883715919128e-04
4.905894217352476782e-04
4.786126419546722047e-04
4.673530077296027068e-04
4.567322504932146620e-04
4.467362226152074502e-04
4.373173825300113570e-04
4.284477217230125024e-04
4.200948790139969868e-04
4.121968653552459923e-04
4.047663323236946387e-04
3.977646961960198827e-04
3.911516135336596503e-04
3.848761821209237353e-04
3.789032969560049663e-04
3.732094686926157485e-04
3.677583142727856229e-04
3.625321537113706085e-04
3.575174789944181981e-04
3.526873998667312722e-04
3.480257054657847639e-04
3.435285097046554981e-04
3.391817089605513209e-04
3.349770434536837138e-04
3.309063474640415946e-04
3.269583700391807436e-04
3.231289215172319885e-04
3.194117911574495799e-04
3.157950690806538572e-04
3.122846174833514721e-04
3.088644484490755656e-04
3.055246747915938560e-04
3.022640005801804398e-04
2.990737395722750181e-04
2.959547928851397796e-04
2.928962230466960852e-04
2.899078865469842631e-04
2.869855283328215747e-04
2.841204570130572370e-04
2.813090070023905155e-04
2.785511952965994049e-04
2.758536020830174517e-04
2.732089287519452411e-04
2.706156789393900975e-04
2.680673088793818497e-04
2.655633414273074521e-04
2.631059200856865907e-04
2.606835558304380972e-04
2.583042380157459460e-04
2.559605238621024152e-04
2.536568668310119163e-04
2.513818205975522141e-04
2.491490259605656701e-04
2.469435941171790752e-04
2.447770106754292951e-04
2.426313844354666301e-04
2.405149352218995649e-04
2.384304690158030077e-04
2.363799324581755006e-04
2.343493212057154158e-04
2.323529582930373039e-04
2.303782625975136892e-04
2.284259996272655212e-04
2.264985916376736658e-04
2.245969478313454494e-04
2.227133051571580404e-04
2.208544046858539295e-04
2.190171308039455360e-04
2.172002817653419552e-04
2.154032665580650333e-04
2.136284600596305503e-04
2.118727463576918976e-04
2.101361261761663392e-04
2.084180510321517667e-04
2.067130887683993399e-04
2.050196514734026730e-04
2.033526408111839697e-04
2.016988002772349077e-04
2.000641286841669880e-04
1.984509818531822532e-04
1.968526221432369847e-04
1.952716538284248946e-04
1.937064851421521237e-04
1.921568912397435128e-04
1.906256974325274323e-04
1.891097131140861683e-04
1.876044751428338386e-04
1.861204291279668446e-04
1.846439804588623603e-04
1.831855570678163434e-04
1.817430284599701640e-04
1.803137306306072370e-04
1.788958257998526675e-04
1.774970078093937684e-04
1.761073267461427290e-04
1.747326659897736174e-04
1.733763352351615314e-04
1.720310225892597881e-04
1.706962251254826209e-04
1.693764252371883700e-04
1.680715193338137435e-04
1.667759947710257542e-04
1.654953567699420807e-04
1.642285446990293576e-04
1.629749714307459859e-04
1.617342307355040473e-04
1.605073745911037139e-04
1.592907704131267684e-04
1.580841914311426251e-04
1.568926868255965607e-04
1.557117882176915834e-04
1.545416823151992509e-04
1.533848903045376469e-04
1.522418228014758054e-04
1.511103143974149574e-04
1.499891261884012572e-04
1.488781259573560022e-04
1.477770772162689469e-04
1.466945006792526437e-04
1.456218135216789705e-04
1.445586857791843151e-04
1.435112903744103639e-04
1.424742582894320973e-04
1.414479281400981463e-04
1.404303562277543077e-04
1.394270975182069887e-04
1.384355289930059327e-04
1.374521482869566456e-04
1.364833123447412315e-04
1.355268118141161914e-04
1.345825995121803574e-04
1.336508295263992812e-04
1.327306918439645348e-04
1.318193380540580873e-04
1.309209171051727559e-04
1.300310992460221695e-04
1.291559118367366702e-04
1.282923929874939576e-04
1.274379288688132119e-04
1.265939651924112780e-04
1.257651201332021459e-04
1.249472104701393449e-04
1.241330078703428718e-04
1.233289122906123798e-04
1.225399633613463571e-04
1.217615933330789597e-04
1.209973296816788417e-04
1.202405675052085172e-04
1.194870853284246134e-04
1.187420413742861408e-04
1.180139160067231738e-04
1.172972028716749021e-04
1.165914613324504944e-04
1.158929678034250547e-04
1.152084897054319793e-04
1.145341851436292805e-04
1.138699336992330866e-04
1.132161630334719307e-04
1.125733027806411569e-04
1.119369260932219186e-04
1.113116920165464210e-04
1.106875946926610342e-04
1.100807411956098824e-04
1.094822929299962925e-04
1.088923670131296723e-04
1.083127139672787333e-04
1.077407290797885751e-04
1.071816119006342499e-04
1.066312259452670426e-04
1.060878890947264196e-04
1.055553750188764416e-04
1.050330372893695314e-04
1.045203731835893049e-04
1.040172719168087483e-04
1.034973318488605944e-04
1.030078138100206183e-04
1.025304737501077021e-04
1.020583478548198230e-04
1.015980919836092860e-04
1.011477199407681467e-04
1.007066471387386275e-04
1.002731107724897259e-04
9.984628228099777676e-05
9.943209782799331160e-05
9.902692699235585226e-05
9.862903897958161400e-05
9.824173756225814563e-05
9.786056532828811734e-05
9.748760040972449857e-05
9.712515692901725541e-05
9.677144127675307926e-05
9.642761101978273392e-05
9.609220280616300456e-05
9.576389704099480039e-05
9.544565227833253483e-05
9.513094768816628295e-05
9.482846460574698947e-05
9.453252458477904012e-05
9.424140137974462109e-05
9.395828135211892738e-05
9.368286594271563357e-05
9.341544627575961866e-05
9.315599609520958265e-05
9.290342999567487799e-05
9.265802012551664310e-05
9.241537908878818099e-05
9.218291327944853279e-05
9.195380508451517286e-05
9.173276535422222736e-05
9.151819712148771217e-05
9.130963739360988690e-05
9.110743700241123418e-05
9.090719990332860674e-05
9.071405562291275548e-05
9.052476091256978538e-05
9.034257917626866818e-05
9.016262992305162233e-05
8.998903424789386329e-05
8.981601705873512988e-05
8.965123960928637740e-05
8.949449336986105904e-05
8.933944055628941319e-05
8.918806398113797451e-05
8.904251410269500464e-05
8.889919809694099507e-05
8.876147894616861307e-05
8.862759992474317412e-05
8.849299976383006488e-05
8.836606055376869211e-05
8.824314188298717262e-05
8.812332413506253684e-05
8.800816759350853073e-05
8.789694875279343710e-05
8.778677072216543972e-05
8.768225577680104370e-05
8.758159528182897112e-05
8.748438870806489942e-05
8.738878726853693932e-05
8.729211074766623623e-05
8.720057047740022843e-05
8.711518203454016022e-05
8.702938814848508345e-05
8.694648793995610333e-05
8.686855484903460592e-05
8.679376789317120330e-05
8.672097495620352135e-05
8.664958455292980023e-05
8.658200471808290418e-05
8.651483339425874682e-05
8.645024358568226502e-05
8.638936435119747633e-05
8.631643594668197050e-05
8.625879717861333615e-05
8.620289122629298643e-05
8.614575234584646597e-05
8.609186828522667691e-05
8.604148948920682910e-05
8.599127056324418303e-05
8.594472014262087198e-05
8.589926221319919104e-05
8.585043118518494165e-05
8.580800567094980973e-05
8.576628067464646648e-05
8.572717864347489188e-05
8.568727932670129003e-05
8.565031930171756157e-05
8.561450122967993715e-05
8.557767150777052876e-05
8.554254257870385107e-05
8.551002784105330129e-05
8.547854302826968654e-05
8.544776580775694051e-05
8.541912565537652870e-05
8.539100036646683561e-05
8.536158901218517472e-05
8.533518468003269575e-05
8.530946289641345331e-05
8.528462907363044564e-05
8.525927021842435560e-05
8.523689960037195991e-05
8.521187430976025917e-05
8.519169256276565880e-05
8.517207209856137785e-05
8.515348475935409359e-05
8.512623386251461078e-05
8.510643393040599281e-05
8.508852161437649778e-05
8.507199614995791716e-05
8.505636841114171543e-05
8.503984278526408611e-05
8.502394214765145533e-05
8.500656304896178986e-05
8.499161463735602576e-05
8.497827673008880728e-05
8.496565309741257359e-05
8.495372354953053661e-05
8.493894988529964091e-05
8.492787857928376955e-05
8.491671799864114456e-05
8.490362786569153664e-05
8.489361966812405264e-05
8.488345890663664300e-05
8.487434507304094321e-05
8.486562114564511318e-05
8.485672086557036317e-05
8.484738180670549671e-05
8.483899924982486913e-05
8.483047357153058175e-05
8.482232538800287349e-05
8.481158063489769086e-05
8.480463983940996701e-05
8.479745476356906841e-05
8.479118041207068092e-05
8.478460487249587466e-05
8.477736985673759449e-05
8.477178428542576623e-05
8.476599309576814242e-05
8.476109904559083136e-05
8.475590406836340952e-05
8.475108471386069795e-05
8.474652649952364389e-05
8.474204505069842441e-05
8.473817644185121557e-05
8.473397268939924392e-05
8.472350968820449232e-05
8.471710146627336709e-05
8.471253095380782794e-05
8.470882660879435540e-05
8.470532807339825111e-05
8.470121934684293611e-05
8.469813262293026464e-05
8.469515975326717553e-05
8.469233320173841218e-05
8.468957711731658412e-05
8.468611949350890076e-05
8.468304234068240821e-05
8.468068827780356178e-05
8.467831974788580683e-05
8.467636590429484665e-05
8.467438767154266365e-05
8.467233703181003125e-05
8.466993140240551780e-05
8.466844774412023232e-05
8.466716404083463466e-05
8.466607038443732481e-05
8.466360137181107163e-05
8.466224122875860424e-05
8.465931040950474456e-05
8.465834387891967179e-05
8.465774310924776018e-05
8.465707084913195340e-05
8.465656219742982876e-05
8.465602677505657501e-05
8.464596406112769511e-05
8.464481978356047751e-05
8.464407822804799301e-05
8.464363101676231646e-05
8.464327921542658649e-05
8.464263210275225482e-05
8.464223398628583912e-05
8.464182883708260376e-05
8.464138804728549867e-05
8.464097089622711937e-05
8.464026695189070355e-05
8.463975850794152895e-05
8.463885499944317809e-05
8.463831970533388738e-05
8.463780305393011293e-05
8.463737450811186923e-05
8.463666783251341883e-05
8.463600092644494991e-05
8.463468749633369626e-05
8.463397132680857782e-05
8.463305076575386562e-05
8.463218881726734864e-05
8.463124064985918106e-05
8.463017371137186013e-05
8.462941567110428634e-05
8.462827755369444101e-05
8.462698348453893775e-05
8.462505574859005390e-05
8.462335214740141442e-05
8.462002547738761455e-05
8.461750450179080028e-05
8.461333850196948081e-05
8.460861186332159251e-05
8.460428171717682697e-05
8.459877810547429121e-05
8.459230347816923629e-05
8.458065970997308508e-05
8.457083675627326388e-05
