7.874261133725220588e-03
6.901774620647154607e-03
6.243344596827089116e-03
5.736873741947348150e-03
5.304683389566565779e-03
4.928049254658350281e-03
4.596850085778447260e-03
4.296010727001623244e-03
4.026063305888932103e-03
3.777465460480944857e-03
3.550014033083457622e-03
3.342702361705914265e-03
3.151494279514760639e-03
2.975648960364541372e-03
2.813500039586652127e-03
2.663129098424286273e-03
2.524975309444247185e-03
2.396676185367110044e-03
2.277444320802236334e-03
2.165149372289811719e-03
2.060625448844264230e-03
1.962492790774412674e-03
1.869905550271974085e-03
1.783558178810670455e-03
1.702513121578836525e-03
1.626551858027210432e-03
1.555164277779306006e-03
1.488299732406318755e-03
1.425855592260826714e-03
1.367480660681485993e-03
1.312229198915042033e-03
1.259686007540406112e-03
1.210328001010136951e-03
1.163335085664114407e-03
1.119618319488362374e-03
1.078292312182067532e-03
1.039270920112413251e-03
1.002526170532076419e-03
9.681444990268605168e-04
9.359810039809970733e-04
9.055314124365764286e-04
8.765624900337262715e-04
8.492562828484692032e-04
8.233615999356160443e-04
7.990525064374468488e-04
7.764513270990026656e-04
7.550055811124682572e-04
7.346049921946578437e-04
7.149550423847567029e-04
6.967479855985257015e-04
6.796530351915648378e-04
6.633039957128071974e-04
6.481936229313685219e-04
6.339828505438989317e-04
6.207020140818836568e-04
6.082110354012487674e-04
5.960179002672545256e-04
5.850680224795851451e-04
5.746217759385378009e-04
5.646463180941930496e-04
5.552139487694451002e-04
5.454467836002417636e-04
5.364043665562183037e-04
5.284497511281511682e-04
5.208109756490381451e-04
5.136117485973320986e-04
5.067789840459330014e-04
5.000181741831466074e-04
4.937892191408680071e-04
4.876081232599094924e-04
4.815800713638711456e-04
4.759227801489689601e-04
4.702653883308302585e-04
4.648348040604093610e-04
4.594595576603459678e-04
4.540297592528644635e-04
4.490435783389734896e-04
4.442677695542700061e-04
4.395768704197218209e-04
4.344538578653532536e-04
4.302305568518991516e-04
4.260785248888758351e-04
4.221013694559164111e-04
4.183132313846167800e-04
4.144790428591425997e-04
4.108719690589783427e-04
4.074515899020114337e-04
4.035339680396001134e-04
4.000561905970029491e-04
3.967878597316772419e-04
3.933339543687168634e-04
3.902708182487333796e-04
3.871593057170111523e-04
3.841842201038317330e-04
3.813446558501100469e-04
3.784927132292523720e-04
3.756890426137727136e-04
3.728710609106967761e-04
3.701768243490991830e-04
3.675322663989945022e-04
3.648977020597137357e-04
3.617808861631910270e-04
3.592738312654698840e-04
3.567428712245427117e-04
3.542858254885164915e-04
3.517923170762215839e-04
3.493988966627877522e-04
3.470315664890954652e-04
3.447527882979298979e-04
3.425103066906875745e-04
3.402861895183859303e-04
3.380982868019069315e-04
3.359988067328723493e-04
3.338757359098803675e-04
3.317096278412915615e-04
3.296317683758367414e-04
3.275982776819129621e-04
3.255557463354478661e-04
3.235709813749156516e-04
3.216362906754942894e-04
3.193399383392578296e-04
3.173816610603771632e-04
3.154864223571437467e-04
3.136175976855564589e-04
3.117983406678264259e-04
3.099738974454809481e-04
3.081809624135906827e-04
3.064007973797753474e-04
3.041346482246860177e-04
3.024062796287300199e-04
3.006353053366187791e-04
2.988884439383101871e-04
2.971968039646142343e-04
2.955349914911925536e-04
2.939295356610906358e-04
2.922863116412086613e-04
2.906860037137354432e-04
2.890953583045399104e-04
2.874979515514586152e-04
2.859207767947451726e-04
2.843614382465678978e-04
2.827516157106709557e-04
2.810500260555934206e-04
2.794072376462893286e-04
2.778532594413225896e-04
2.761106948808133557e-04
2.745194139991521043e-04
2.730516493146972366e-04
2.715772613652365879e-04
2.701320142756664456e-04
2.687141862201838341e-04
2.672794600326451565e-04
2.657052869635567359e-04
2.642605006065354943e-04
2.628576461164402653e-04
2.614100178075108973e-04
2.600573991320081048e-04
2.586923864786985273e-04
2.573644002945160107e-04
2.560507941151489810e-04
2.546867322124684533e-04
2.533755025529193833e-04
2.520687267729710551e-04
2.507595391097126305e-04
2.494468737099569868e-04
2.481754264150024306e-04
2.469003789129669050e-04
2.456056485269510312e-04
2.443734012311219350e-04
2.431502089447683083e-04
2.419139884852701582e-04
2.407168788360220532e-04
2.395207786541032283e-04
2.382952482619838546e-04
2.371204444639950205e-04
2.359162950038419884e-04
2.346897107539617101e-04
2.335329104617968289e-04
2.323743937893410147e-04
2.312448552502911845e-04
2.301082779645023267e-04
2.289695228223012765e-04
2.278313138100472373e-04
2.267061397618890949e-04
2.255973102089103323e-04
2.244689582678503173e-04
2.233793402329616810e-04
2.216444755459825370e-04
2.202764230907373747e-04
2.191702966684185407e-04
2.181060644136331207e-04
2.170627817552661697e-04
2.160076367030079646e-04
2.149688419131427775e-04
2.138741232660512756e-04
2.128344134034079033e-04
2.118221353113812597e-04
2.107959630813616798e-04
2.097400338502220581e-04
2.087313123257692013e-04
2.077333280966799361e-04
2.067377188300492728e-04
2.057700374668090099e-04
2.048024897181747528e-04
2.038420241419561523e-04
2.028784047336896828e-04
2.019103521172056965e-04
2.009590274117900805e-04
2.000376437909010105e-04
1.990565751028016436e-04
1.981237541852045496e-04
1.972040718546954566e-04
1.962945128829874243e-04
1.953942704379191763e-04
1.944813324200022340e-04
1.934766011738620365e-04
1.925900673783066805e-04
1.916839135983834696e-04
1.907629313250332073e-04
1.897960696291303121e-04
1.889357257917360033e-04
1.880890740652719356e-04
1.872276504235956675e-04
1.863828457770497064e-04
1.855433854112983438e-04
1.847174839289365692e-04
1.838952272034562175e-04
1.830790416989788781e-04
1.822591440476689661e-04
1.814327306746714365e-04
1.806443226832003238e-04
1.798389666603104539e-04
1.790478481074042334e-04
1.782143112612696054e-04
1.774311118928032665e-04
1.766503032124531764e-04
1.758819123720943166e-04
1.751096497207921211e-04
1.743494097126488114e-04
1.736059745061197229e-04
1.728708089917324262e-04
1.721417246462279014e-04
1.714195704324351401e-04
1.706995696265390392e-04
1.699683431487502693e-04
1.692599159655059987e-04
1.683856926965706573e-04
1.676412070070323413e-04
1.669402822974439091e-04
1.662202482676389953e-04
1.652828798785346636e-04
1.645990168313229843e-04
1.639199028426568375e-04
1.630651554136951220e-04
1.623873412807936396e-04
1.617205507338377287e-04
1.610271458755845899e-04
1.603822265671058531e-04
1.597205835825970643e-04
1.590726980829525118e-04
1.581500289832210918e-04
1.574990678940169780e-04
1.568692580976717259e-04
1.561173571225217907e-04
1.554941258135227120e-04
1.548811953082047726e-04
1.542778929006202498e-04
1.536600538702047000e-04
1.530642597928860260e-04
1.524759355203846630e-04
1.518902650171371799e-04
1.512841367308677138e-04
1.503712290166070030e-04
1.497691138928498042e-04
1.491722768377615779e-04
1.486077364938367105e-04
1.480526172961124448e-04
1.474822427917014793e-04
1.469261939387633733e-04
1.463660126389099256e-04
1.458255027229033254e-04
1.452986293268470946e-04
1.447562358602837043e-04
1.442266926332377765e-04
1.436838862602180184e-04
1.431681146034243478e-04
1.426400571629463088e-04
1.421099828412117274e-04
1.416074748783232977e-04
1.410832755141869493e-04
1.405790560653874099e-04
1.399305705166598718e-04
1.394248943887801311e-04
1.389293987469129410e-04
1.384412987754752515e-04
1.379658589436539261e-04
1.374018388115045978e-04
1.369184018507321938e-04
1.364439916975612092e-04
1.356533795831511087e-04
1.351323274091461202e-04
1.346503092934658592e-04
1.341944766232794958e-04
1.337451399085305356e-04
1.332658674056927698e-04
1.325883322934679680e-04
1.320166917266147536e-04
1.315713191633530047e-04
1.311247293063655297e-04
1.306886404799831292e-04
1.302464223114351840e-04
1.298279461096232378e-04
1.294110100571211361e-04
1.289981690594578533e-04
1.285777291205184632e-04
1.280077466034309033e-04
1.275708890725707999e-04
1.271586517743207307e-04
1.267601269093528854e-04
1.263556883425541043e-04
1.259654903119124269e-04
1.255511078333196708e-04
1.251732850778671446e-04
1.247880308926717472e-04
1.243941457840094323e-04
1.239984914849331563e-04
1.236236602642117185e-04
1.232589384492326079e-04
1.228758041784428498e-04
1.225142653377641298e-04
1.221203813162834292e-04
1.217443507885972853e-04
1.213894704963305751e-04
1.210450807788463168e-04
1.207024668190240398e-04
1.203564810610930713e-04
1.199433389234998745e-04
1.196013584186899324e-04
1.192470018390853401e-04
1.189127525814352970e-04
1.185944346326389849e-04
1.182308843970189955e-04
1.179041780583792404e-04
1.175777221356544858e-04
1.172627597968729226e-04
1.169169624452755387e-04
1.165849207379919333e-04
1.162746379451213083e-04
1.159720621016880297e-04
1.156743795423975147e-04
1.153847718001371384e-04
1.150947620313986684e-04
1.148094480655764812e-04
1.145186828344193824e-04
1.140405244778732401e-04
1.137460462619758225e-04
1.134639580538560777e-04
1.131684137761206646e-04
1.128743264090125071e-04
1.125977767099206297e-04
1.123038796707299611e-04
1.120380356650293069e-04
1.117757024935105126e-04
1.115050998707129202e-04
1.112460133613438359e-04
1.109890874857539427e-04
1.107358318506563536e-04
1.104824863540097493e-04
1.102357079598655944e-04
1.099745080023959012e-04
1.096977498871899313e-04
1.094483805587224875e-04
1.091938549243904054e-04
1.089399254253787250e-04
1.086657939271491654e-04
1.084248056198999912e-04
1.081066345148276408e-04
1.078697382135960939e-04
1.076366352700850419e-04
1.072604116879978872e-04
1.070026521008589371e-04
1.067775210997275751e-04
1.065511012342691401e-04
1.063400835042968356e-04
1.059716150819120853e-04
1.057058400093527850e-04
1.054918161751260700e-04
1.052813974382382957e-04
1.050703441778542757e-04
1.048506425904777368e-04
1.046465826352838916e-04
1.044036086587324472e-04
1.042026497114629640e-04
1.039962220082912522e-04
1.037952228317453023e-04
1.036100179122270731e-04
1.034230578828327117e-04
1.032318933322910363e-04
1.030502875694203410e-04
1.028359406590935465e-04
1.026614870525759896e-04
1.024862534801097532e-04
1.023017371927270375e-04
1.021300437509710531e-04
1.019322170166730095e-04
1.017141208743572853e-04
1.015387072031798224e-04
1.013792166069797819e-04
1.012122598753556295e-04
1.010264551322869521e-04
1.008479914310623880e-04
1.006874961900721234e-04
1.005318671528485677e-04
1.003599637056929166e-04
1.001657594361422419e-04
9.999899928412549937e-05
9.984783408461906176e-05
9.970207444064639797e-05
9.955043587705411634e-05
9.940431885966722518e-05
9.926651051545458480e-05
9.912838340554294063e-05
9.898101281272339591e-05
9.884548838662417182e-05
9.866481066063309308e-05
9.852335053170575840e-05
9.838839566028779776e-05
9.825300448331169417e-05
9.810157993443435222e-05
9.798123056245738698e-05
9.784537097984372350e-05
9.760956014813708251e-05
9.731786939282945992e-05
9.719136642781258360e-05
9.706756168995020484e-05
9.695312671662629199e-05
9.684030961351151998e-05
9.672889918363617248e-05
9.661831527797657966e-05
9.651420064054190518e-05
9.639287143130655837e-05
9.626189299285754872e-05
9.615894478754664215e-05
9.606257189926080712e-05
9.594949343996621359e-05
9.585484489016345448e-05
9.575697309351030725e-05
9.566184194320575076e-05
9.554148627646913655e-05
9.544192354315828638e-05
9.534054785795419867e-05
9.525348511742967063e-05
9.515103215888788199e-05
9.506846409018089529e-05
9.494455959385921082e-05
9.479177820925415246e-05
9.469412278973635773e-05
9.455352243046371804e-05
9.447861157312051404e-05
9.439751987579811572e-05
9.427997126483855859e-05
9.414003590303736879e-05
9.405855201940552788e-05
9.399082815581783434e-05
9.391393609445896685e-05
9.385136855841983306e-05
9.377903812557879585e-05
9.370107290555552406e-05
9.363280498726705796e-05
9.357199561070557545e-05
9.348866721297829083e-05
9.340619033570453367e-05
9.334187576464926224e-05
9.312706874406627097e-05
9.307293595090020350e-05
9.301525444523689662e-05
9.296750739337711659e-05
9.290202280828955802e-05
9.284350209771605709e-05
9.279563841980940377e-05
9.261371773910256964e-05
9.253196151585559525e-05
9.239991824149647803e-05
9.235738249122812666e-05
9.227461049277576222e-05
9.214429902468587600e-05
9.208538669111707121e-05
9.199228940824459837e-05
9.195222966162193076e-05
9.189016862873223711e-05
9.184865753302662176e-05
9.178388028390598843e-05
9.174322295235028590e-05
9.169729426662201499e-05
9.163880102892775091e-05
9.160336773382681181e-05
9.142918719904135152e-05
9.140196280476016824e-05
9.133646266722004114e-05
9.130976071933800237e-05
9.127617975253928104e-05
9.117910961746380355e-05
9.110158797513026141e-05
9.102945815280151639e-05
9.097977019354706624e-05
9.095327887358902450e-05
9.092852126841590409e-05
9.090515822942326826e-05
9.087991443625658306e-05
9.085727723580283783e-05
9.083748427995309166e-05
9.081685582092610914e-05
9.079851654469455738e-05
9.077493981967626037e-05
9.073969168269819120e-05
9.033884223491106048e-05
9.021413125220628833e-05
9.019322126294623332e-05
9.017104293118074695e-05
9.014357945994574582e-05
9.011480089833510357e-05
9.010102344096220786e-05
9.008715468340348963e-05
9.005753571359129410e-05
9.003956637816699167e-05
9.002274549675246451e-05
9.000001675268123847e-05
8.998246451343802936e-05
8.996336583973737545e-05
8.993321278158474528e-05
8.989440634308968649e-05
8.987774984973599451e-05
8.986941243522612475e-05
8.984188971733090634e-05
8.981593624085134546e-05
8.979791806659981421e-05
8.978390074805375862e-05
8.977157199609407656e-05
8.976229586091219784e-05
8.975101968521205324e-05
8.974279569891202850e-05
8.973820116057402486e-05
8.972023935810912679e-05
8.969646354498130622e-05
8.968772349119606777e-05
8.967229052619944327e-05
8.965031425530783557e-05
8.962825804644425527e-05
8.960707800593348390e-05
8.959350850259201085e-05
8.958200617623185923e-05
8.957869027892663091e-05
8.957602734243670260e-05
8.957280665230639535e-05
8.957217124953141703e-05
8.956964608527757249e-05
8.956526635897188015e-05
8.955728294542763645e-05
8.950522767544070654e-05
8.948942065487079612e-05
8.947088809312109259e-05
8.943218496736238363e-05
8.939900724955099180e-05
8.938514360596921027e-05
8.938384442175985941e-05
8.937017429215776644e-05
8.936254681860363773e-05
8.933109453980708336e-05
8.928430600917823697e-05
8.927141821030309152e-05
8.923483411038301064e-05
8.921598853936080740e-05
8.921384924928790544e-05
8.919859376663947571e-05
8.917535324094539109e-05
8.915364396743560155e-05
8.912650705026847167e-05
8.910492818573865646e-05
8.906933122149918614e-05
8.903393679330841206e-05
8.899794750440798358e-05
8.898309231857524091e-05
8.897608710518802207e-05
8.895726064486522418e-05
8.893407775176657222e-05
8.891169453382292628e-05
8.889025594723080079e-05
8.884855061612333441e-05
8.881684577379889492e-05
8.876496335159815207e-05
8.875310219055325607e-05
8.874780678119834889e-05
8.874457227240576274e-05
8.875780139774352626e-05
8.863874194930242568e-05
8.863411247038836837e-05
8.862047904613216433e-05
8.855161338062238967e-05
8.853038480352183191e-05
8.852236119253893525e-05
8.851698093561638980e-05
8.850126010445380227e-05
8.837312796843608891e-05
8.837591005164698965e-05
8.839181532209110595e-05
8.838343969356565256e-05
8.838432498600579785e-05
8.842873684575276304e-05
8.835561839054007231e-05
8.848135763607098100e-05
8.852140031199491220e-05
8.850497281930902753e-05
8.855424762326579769e-05
8.847949124710751789e-05
8.842787188914207367e-05
8.864668033570449832e-05
8.896489127999166163e-05
8.876074022754674954e-05
8.922463569632467983e-05
9.045670175876422000e-05
9.237341020014951435e-05
