4.014376414689482536e-06
4.857395461774274554e-04
9.674647159401624256e-04
1.449189885702906883e-03
1.930915055465642774e-03
2.412640225228363921e-03
2.894365394991084851e-03
3.376090564753805780e-03
3.857815734516560971e-03
4.339540904279328738e-03
4.821266074042096506e-03
5.302991243804864273e-03
5.784716413567632907e-03
6.266441583330400675e-03
6.748166753093168442e-03
7.229891922855934475e-03
7.711617092618703109e-03
8.193342262381470009e-03
8.675067432144238644e-03
9.156792601907007279e-03
9.638517771669774178e-03
1.012024294143254281e-02
1.060196811119531145e-02
1.108369328095808008e-02
1.156541845072084698e-02
1.204714362048361388e-02
1.252886879024638425e-02
1.301059396000915115e-02
1.349231912977191805e-02
1.397404429953468495e-02
1.445576946929745359e-02
1.493749463906022049e-02
1.541921980882298739e-02
1.590094497858575776e-02
1.638267014834852292e-02
1.686439531811129156e-02
1.734612048787406019e-02
1.782784565763682882e-02
1.830957082739959746e-02
1.879129599716236262e-02
1.927302116692513126e-02
1.975474633668789989e-02
2.023647150645066853e-02
2.071819667621343369e-02
2.119992184597620580e-02
2.168164701573897096e-02
2.216337218550173960e-02
2.264509735526450476e-02
2.312682252502727340e-02
2.360854769479004203e-02
2.409027286455281414e-02
2.457199803431557930e-02
2.505372320407834794e-02
2.553544837384111657e-02
2.601717354360388174e-02
2.649889871336665037e-02
2.698062388312941554e-02
2.746234905289218417e-02
2.794407422265495627e-02
2.842579939241772491e-02
2.890752456218049007e-02
2.938924973194325871e-02
2.987097490170602387e-02
3.035270007146879251e-02
3.083442524123156114e-02
3.131615041099432978e-02
3.179787558075709841e-02
3.227960075051986705e-02
3.276132592028263568e-02
3.324305109004540432e-02
3.372477625980816601e-02
3.420650142957093465e-02
3.468822659933370328e-02
3.516995176909647192e-02
3.565167693885924055e-02
3.613340210862200919e-02
3.661512727838477782e-02
3.709685244814754645e-02
3.757857761791031509e-02
3.806030278767307679e-02
3.854202795743584542e-02
3.902375312719862099e-02
3.950547829696138269e-02
3.998720346672415132e-02
4.046892863648691996e-02
4.095065380624968859e-02
4.143237897601245723e-02
4.191410414577521892e-02
4.239582931553798756e-02
4.287755448530076313e-02
4.335927965506352483e-02
4.384100482482629346e-02
4.432272999458906210e-02
4.480445516435183073e-02
4.528618033411460631e-02
4.576790550387736800e-02
4.624963067364013664e-02
4.673135584340289833e-02
4.721308101316567390e-02
4.769480618292843560e-02
4.817653135269120424e-02
4.865825652245397981e-02
4.913998169221674150e-02
4.962170686197951014e-02
5.010343203174227877e-02
5.058515720150504741e-02
5.106688237126780910e-02
5.154860754103058468e-02
5.203033271079335331e-02
5.251205788055611501e-02
5.299378305031889058e-02
5.347550822008165228e-02
5.395723338984442091e-02
5.443895855960718955e-02
5.492068372936995818e-02
5.540240889913271988e-02
5.588413406889549545e-02
5.636585923865802816e-02
5.684758440842005434e-02
5.732930957818206663e-02
5.781103474794409280e-02
5.829275991770610510e-02
5.877448508746813127e-02
5.925621025723014357e-02
5.973793542699216280e-02
6.021966059675418204e-02
6.070138576651620127e-02
6.118311093627822050e-02
6.166483610604023974e-02
6.214656127580225897e-02
6.262828644556428515e-02
6.311001161532629744e-02
6.359173678508832361e-02
6.407346195485033591e-02
6.455518712461236208e-02
6.503691229437437438e-02
6.551863746413638667e-02
6.600036263389841285e-02
6.648208780366042514e-02
6.696381297342245131e-02
6.744553814318446361e-02
6.792726331294648978e-02
6.840898848270850208e-02
6.889071365247051437e-02
6.937243882223254055e-02
6.985416399199455284e-02
7.033588916175657901e-02
7.081761433151859131e-02
7.129933950128061748e-02
7.178106467104262978e-02
7.226278984080465595e-02
7.274451501056666824e-02
7.322624018032869442e-02
7.370796535009070671e-02
7.418969051985273289e-02
7.467141568961474518e-02
7.515314085937677135e-02
7.563486602913878365e-02
7.611659119890080982e-02
7.659831636866282212e-02
7.708004153842484829e-02
7.756176670818686059e-02
7.804349187794888676e-02
7.852521704771089905e-02
7.900694221747292523e-02
7.948866738723493752e-02
7.997039255699696370e-02
8.045211772675897599e-02
8.093384289652100216e-02
8.141556806628301446e-02
8.189729323604504063e-02
8.237901840580705293e-02
8.286074357556907910e-02
8.334246874533109140e-02
8.382419391509311757e-02
8.430591908485512986e-02
8.478764425461715604e-02
8.526936942437916833e-02
8.575109459414119450e-02
8.623281976390320680e-02
8.671454493366521910e-02
8.719627010342724527e-02
8.767799527318927144e-02
8.815972044295128374e-02
8.864144561271329603e-02
8.912317078247532220e-02
8.960489595223733450e-02
9.008662112199936067e-02
9.056834629176137297e-02
9.105007146152339914e-02
9.153179663128541144e-02
9.201352180104743761e-02
9.249524697080944990e-02
9.297697214057146220e-02
9.345869731033348837e-02
9.394042248009551455e-02
9.442214764985754072e-02
9.490387281961953914e-02
9.538559798938156531e-02
9.586732315914359148e-02
9.634904832890561766e-02
9.683077349866761607e-02
9.731249866842964225e-02
9.779422383819166842e-02
9.827594900795369459e-02
9.875767417771569301e-02
9.923939934747771918e-02
9.972112451723974536e-02
1.002028496870017715e-01
1.006845748567637699e-01
1.011663000265257961e-01
1.016480251962878223e-01
1.021297503660498485e-01
1.026114755358118469e-01
1.030932007055738731e-01
1.035749258753358992e-01
1.040566510450979115e-01
1.045383762148599238e-01
1.050201013846219500e-01
1.055018265543839762e-01
1.059835517241459885e-01
1.064652768939080008e-01
1.069470020636700269e-01
1.074287272334320531e-01
1.079104524031940654e-01
1.083921775729560777e-01
1.088739027427181039e-01
1.093556279124801162e-01
1.098373530822421423e-01
1.103190782520041546e-01
1.108008034217661808e-01
1.112825285915281931e-01
1.117642537612902193e-01
1.122459789310522316e-01
1.127277041008142439e-01
1.132094292705762700e-01
1.136911544403382962e-01
1.141728796101003085e-01
1.146546047798623208e-01
1.151363299496243470e-01
1.156180551193863731e-01
1.160997802891483716e-01
1.165815054589103977e-01
1.170632306286724239e-01
1.175449557984344501e-01
1.180266809681964485e-01
1.185084061379584747e-01
1.189901313077205008e-01
1.194718564774825270e-01
1.199535816472445254e-01
1.204353068170065516e-01
1.209170319867685778e-01
1.213987571565306040e-01
1.218804823262926024e-01
1.223622074960546285e-01
1.228439326658166547e-01
1.233256578355786809e-01
1.238073830053406793e-01
1.242891081751027055e-01
1.247708333448647317e-01
1.252525585146267439e-01
1.257342836843887701e-01
1.262160088541507685e-01
1.266977340239127947e-01
1.271794591936748209e-01
1.276611843634368193e-01
1.281429095331988455e-01
1.286246347029608716e-01
1.291063598727228978e-01
1.295880850424848962e-01
1.300698102122469224e-01
1.305515353820089486e-01
1.310332605517709748e-01
1.315149857215329732e-01
1.319967108912949993e-01
1.324784360610570255e-01
1.329601612308190517e-01
1.334418864005810501e-01
1.339236115703430763e-01
1.344053367401051025e-01
1.348870619098671286e-01
1.353687870796291270e-01
1.358505122493911532e-01
1.363322374191531794e-01
1.368139625889152056e-01
1.372956877586772040e-01
1.377774129284392302e-01
1.382591380982012563e-01
1.387408632679632825e-01
1.392225884377252809e-01
1.397043136074873071e-01
1.401860387772493333e-01
1.406677639470113594e-01
1.411494891167733579e-01
1.416312142865353840e-01
1.421129394562974102e-01
1.425946646260594364e-01
1.430763897958214348e-01
1.435581149655834610e-01
1.440398401353454871e-01
1.445215653051075133e-01
1.450032904748695117e-01
1.454850156446315379e-01
1.459667408143935641e-01
1.464484659841555902e-01
1.469301911539175887e-01
1.474119163236796148e-01
1.478936414934416410e-01
1.483753666632036672e-01
1.488570918329656656e-01
1.493388170027276918e-01
1.498205421724897179e-01
1.503022673422517441e-01
1.507839925120137425e-01
1.512657176817757687e-01
1.517474428515377949e-01
1.522291680212998211e-01
1.527108931910618195e-01
1.531926183608238456e-01
1.536743435305858718e-01
1.541560687003478980e-01
1.546377938701098964e-01
1.551195190398719226e-01
1.556012442096339488e-01
1.560829693793959749e-01
1.565646945491579733e-01
1.570464197189199995e-01
1.575281448886820257e-01
1.580098700584440519e-01
1.584915952282060780e-01
1.589733203979680765e-01
1.594550455677301026e-01
1.599367707374921288e-01
1.604184959072541272e-01
1.609002210770161534e-01
1.613819462467781796e-01
1.618636714165402057e-01
1.623453965863022042e-01
1.628271217560642303e-01
1.633088469258262565e-01
1.637905720955882549e-01
1.642722972653502811e-01
1.647540224351123073e-01
1.652357476048743334e-01
1.657174727746363319e-01
1.661991979443983580e-01
1.666809231141603842e-01
1.671626482839223826e-01
1.676443734536844088e-01
1.681260986234464350e-01
1.686078237932084611e-01
1.690895489629704596e-01
1.695712741327324857e-01
1.700529993024945119e-01
1.705347244722565103e-01
1.710164496420185365e-01
1.714981748117805627e-01
1.719798999815425888e-01
1.724616251513045873e-01
1.729433503210666412e-01
1.734250754908286396e-01
1.739068006605906380e-01
1.743885258303526919e-01
1.748702510001146904e-01
1.753519761698767165e-01
1.758337013396387427e-01
1.763154265094007411e-01
1.767971516791627951e-01
1.772788768489247935e-01
1.777606020186867919e-01
1.782423271884488458e-01
1.787240523582108442e-01
1.792057775279728427e-01
1.796875026977348966e-01
1.801692278674968950e-01
1.806509530372589489e-01
1.811326782070209473e-01
1.816144033767829458e-01
1.820961285465449997e-01
1.825778537163069981e-01
1.830595788860689965e-01
1.835413040558310505e-01
1.840230292255930489e-01
1.845047543953551028e-01
1.849864795651171012e-01
1.854682047348790996e-01
1.859499299046411536e-01
1.864316550744031520e-01
1.869133802441651504e-01
1.873951054139272043e-01
1.878768305836892027e-01
1.883585557534512567e-01
1.888402809232132551e-01
1.893220060929752535e-01
1.898037312627373074e-01
1.902854564324993059e-01
1.907671816022613043e-01
1.912489067720233582e-01
1.917306319417853566e-01
1.922123571115474105e-01
1.926940822813094090e-01
1.931758074510714074e-01
1.936575326208334613e-01
1.941392577905954597e-01
1.946209829603574581e-01
1.951027081301195121e-01
1.955844332998815105e-01
1.960661584696435644e-01
1.965478836394055628e-01
1.970296088091675613e-01
1.975113339789296152e-01
1.979930591486916136e-01
1.984747843184536120e-01
1.989565094882156659e-01
1.994382346579776644e-01
1.999199598277396905e-01
2.004016849975017167e-01
2.008834101672637151e-01
2.013651353370257691e-01
2.018468605067877675e-01
2.023285856765497659e-01
2.028103108463118198e-01
2.032920360160738182e-01
2.037737611858358444e-01
2.042554863555978706e-01
2.047372115253598690e-01
2.052189366951218952e-01
2.057006618648839213e-01
2.061823870346459198e-01
2.066641122044079459e-01
2.071458373741699721e-01
2.076275625439319983e-01
2.081092877136940245e-01
2.085910128834560229e-01
2.090727380532180490e-01
2.095544632229800752e-01
2.100361883927420736e-01
2.105179135625040998e-01
2.109996387322661260e-01
2.114813639020281522e-01
2.119630890717901506e-01
2.124448142415521767e-01
2.129265394113142029e-01
2.134042502046615275e-01
