7.962775241841061127e-03
6.726658624738986181e-03
6.010821253006630796e-03
5.474362587372756314e-03
5.035867950202126478e-03
4.669489514178655140e-03
4.354070313423774596e-03
4.075050180908055229e-03
3.822970516743169275e-03
3.592017492529738648e-03
3.381022740735493363e-03
3.187501336104179780e-03
3.008913943750344579e-03
2.844244481310478131e-03
2.691740708829189546e-03
2.550491581768706776e-03
2.419675240317166378e-03
2.298173282035032190e-03
2.184958887099386869e-03
2.079321023609789765e-03
1.980566556238843191e-03
1.887866285358287544e-03
1.800820105313288323e-03
1.718982404673242374e-03
1.642035546003302272e-03
1.569541415050743809e-03
1.501286109765040270e-03
1.436870587480343483e-03
1.376085943566641252e-03
1.318705493238304678e-03
1.264502205151015130e-03
1.213222014846504580e-03
1.164665448944959174e-03
1.118608205473711715e-03
1.074888544249349986e-03
1.033353845200271192e-03
9.938771257678902411e-04
9.563317654398385088e-04
9.206261231888500894e-04
8.866590722250707957e-04
8.542791610136607353e-04
8.234450215245245818e-04
7.940819410959195929e-04
7.661638293531831782e-04
7.395969390024023345e-04
7.143186492374944139e-04
6.903111247349377495e-04
6.674666325721352123e-04
6.457823740961883986e-04
6.252117444449089038e-04
6.057268176071573321e-04
5.872864212239527594e-04
5.698252559719278309e-04
5.533166019189704899e-04
5.377219257397139549e-04
5.230088999054440446e-04
5.091210331668428275e-04
4.960502841109552981e-04
4.837623494926245049e-04
4.722085624052340400e-04
4.613251502040807326e-04
4.511237349121634027e-04
4.415457097001140537e-04
4.325513971980036402e-04
4.240895593397356052e-04
4.161645070297147718e-04
4.087097947024575877e-04
4.016834067114552682e-04
3.950549050522652174e-04
3.887789342106239498e-04
3.828192882105012091e-04
3.771474881437190084e-04
3.717239195709167734e-04
3.665239301733676388e-04
3.615228592042260222e-04
3.567014530666073012e-04
3.520497348301491526e-04
3.475647870394757682e-04
3.432389269833066798e-04
3.390593194948438374e-04
3.350120625146700733e-04
3.310908278683055684e-04
3.272769460344417992e-04
3.235734480131190758e-04
3.199756123879972576e-04
3.164653611888847769e-04
3.130495462137149686e-04
3.097106516879712611e-04
3.064457570514284609e-04
3.032541847091088823e-04
3.001438913404388519e-04
2.970955427553075901e-04
2.941235283742155040e-04
2.912098447779618948e-04
2.883589246151623811e-04
2.855597374721746988e-04
2.828140170805901903e-04
2.801158778269685016e-04
2.774730908417906102e-04
2.748764633616802041e-04
2.723277411717418698e-04
2.698281496380406253e-04
2.673626204568480555e-04
2.649469639601194164e-04
2.625717918485543549e-04
2.602288090958738932e-04
2.579279431128996512e-04
2.556647962553953968e-04
2.534261138419542647e-04
2.512194890389165755e-04
2.490450276432954065e-04
2.468944121539103369e-04
2.447856320122271346e-04
2.427023437403655662e-04
2.406457086093786643e-04
2.386175467866565026e-04
2.366158529242116428e-04
2.346448090437442693e-04
2.326930304748756236e-04
2.307703742785003514e-04
2.288726524100108352e-04
2.269914415020946854e-04
2.251359918652371382e-04
2.233038678792734926e-04
2.214902800820129432e-04
2.196946868642216284e-04
2.179191130575619680e-04
2.161664658085616752e-04
2.144278372392243186e-04
2.127096008628730738e-04
2.110099962735369065e-04
2.093325285952431594e-04
2.076736260249904072e-04
2.060338046580174334e-04
2.044122101761664900e-04
2.028049219314820078e-04
2.012166724921660588e-04
1.996477901465164208e-04
1.980923265100755144e-04
1.965527056658052877e-04
1.950299257802953529e-04
1.935206040840499572e-04
1.920289333593354158e-04
1.905532171039300653e-04
1.890969485790938069e-04
1.876513753547090892e-04
1.862193994323515069e-04
1.848058620569835670e-04
1.834067199921494225e-04
1.820175648518046008e-04
1.806450116432998794e-04
1.792888992216376304e-04
1.779444148460546733e-04
1.766139728368732039e-04
1.752988982530143971e-04
1.739983329246977081e-04
1.727131517503947865e-04
1.714397574711477726e-04
1.701800271958010585e-04
1.689345758660504889e-04
1.677023045916250219e-04
1.664787807689943665e-04
1.652693044957180340e-04
1.640719804994257461e-04
1.628895391539892680e-04
1.617213223271515474e-04
1.605628876966915431e-04
1.594184929548380931e-04
1.582842314149572561e-04
1.571627729952356075e-04
1.560569610542936669e-04
1.549647998566856615e-04
1.538831896544652861e-04
1.528126530668457459e-04
1.517552389829312902e-04
1.507089476186784533e-04
1.496756801536032716e-04
1.486516761098525901e-04
1.476423234531681872e-04
1.466489879590978686e-04
1.456672136319581926e-04
1.447004949309568615e-04
1.437436944343469902e-04
1.427968219771344081e-04
1.418609468854118761e-04
1.409401467072766599e-04
1.400305601597492868e-04
1.391329289149827305e-04
1.382457534664618319e-04
1.373737959542736971e-04
1.365109840177342450e-04
1.356611556899705738e-04
1.348198310477793916e-04
1.339918490943493542e-04
1.331725651371980571e-04
1.323674719668254730e-04
1.315698416748221780e-04
1.307867507708405474e-04
1.300130151020671427e-04
1.292507526489949108e-04
1.284976978610621640e-04
1.277577223842146922e-04
1.270288686356356195e-04
1.263081864387509369e-04
1.256003961341964261e-04
1.249027344622015109e-04
1.242165281632195311e-04
1.235407307901975344e-04
1.228731057499438638e-04
1.222164381890498475e-04
1.215694430682620256e-04
1.209341625304212822e-04
1.203074191763170414e-04
1.196905304791272333e-04
1.190823663941947922e-04
1.184782187547733014e-04
1.178887201187046776e-04
1.173120960169932159e-04
1.167439440209144894e-04
1.161857335003127072e-04
1.156280478693496634e-04
1.150863132807517793e-04
1.145560399176973949e-04
1.140373416514338481e-04
1.135097905659188409e-04
1.130052706924556397e-04
1.125146481559304441e-04
1.120296983720122595e-04
1.115549747329844271e-04
1.110916715876306788e-04
1.106361120022874927e-04
1.101915650984149232e-04
1.097580488633018614e-04
1.093336281424372395e-04
1.089128182341187286e-04
1.085066218641465022e-04
1.080906106959135066e-04
1.076996376659504517e-04
1.073210616245158858e-04
1.069514824633237271e-04
1.065895747062108625e-04
1.062389865211941435e-04
1.058930538087000738e-04
1.055584911852038872e-04
1.052316376350405347e-04
1.049129722033507979e-04
1.046038366337978591e-04
1.043015154319927172e-04
1.040059991966455264e-04
1.037098501209396059e-04
1.034270685417647636e-04
1.031535199537267280e-04
1.028873330545905182e-04
1.026270565065023226e-04
1.023729141613471814e-04
1.021254231603264023e-04
1.018835391314379933e-04
1.016478624669481717e-04
1.014201059518720060e-04
1.011980806117410262e-04
1.009816134028520049e-04
1.007734575449893558e-04
1.005709657442047203e-04
1.003722327382520720e-04
1.001802099996742862e-04
9.998943678657799708e-05
9.980615273322237700e-05
9.962749969095801780e-05
9.945410371525392822e-05
9.928721382972219853e-05
9.912275669015322159e-05
9.896528400223512565e-05
9.880871620486775784e-05
9.865304150599677889e-05
9.850584264140284092e-05
9.836445988342029450e-05
9.822642288714013227e-05
9.809340629057789309e-05
9.796420263451977213e-05
9.783740894515724322e-05
9.771452159362268360e-05
9.759691649739175086e-05
9.748196213382085372e-05
9.737033212707959346e-05
9.726207095468801219e-05
9.715560610972621166e-05
9.705379397796235006e-05
9.695474915725015822e-05
9.685636733820805137e-05
9.676099829134827003e-05
9.667017712030188579e-05
9.658354042301355686e-05
9.649940238013422962e-05
9.641753965021097406e-05
9.633940982568398243e-05
9.626128272061656316e-05
9.618818757986794703e-05
9.611557302185188938e-05
9.604620205895291125e-05
9.597488886391396365e-05
9.591082426819820604e-05
9.583179391956042159e-05
9.577174013818972481e-05
9.571302480385262613e-05
9.565436583366749353e-05
9.559665198465716477e-05
9.554424743103359392e-05
9.549201097141058814e-05
9.544168575446074047e-05
9.539457323213473502e-05
9.534615289268736651e-05
9.529751942160175114e-05
9.524953880204040091e-05
9.520734427832405506e-05
9.516741824515674813e-05
9.512603679554681741e-05
9.508872538783048585e-05
9.505207411837026559e-05
9.501619836846165762e-05
9.498211313374840185e-05
9.494891519173657610e-05
9.491385932695553139e-05
9.488422309575228887e-05
9.485526995686934415e-05
9.482364337055971854e-05
9.479633269305514417e-05
9.475955534660986319e-05
9.472580933576535606e-05
9.470105826972884523e-05
9.467730419975223591e-05
9.465490086140879113e-05
9.463225592521694329e-05
9.460822670755672547e-05
9.458797864004451171e-05
9.456643036030907786e-05
9.454702059716697186e-05
9.452803492185550094e-05
9.450938194600544862e-05
9.449271965608385974e-05
9.447377807829340660e-05
9.445758119129018344e-05
9.444209937517931085e-05
9.442771734439301561e-05
9.441178919199190933e-05
9.439808016451754779e-05
9.438496140932125015e-05
9.437248848418827675e-05
9.435875414418665381e-05
9.434624028516179776e-05
9.433570430772635453e-05
9.432426252574102794e-05
9.431354977804622510e-05
9.430170993434922684e-05
9.429146984921615631e-05
9.428133782966890324e-05
9.427252654969634957e-05
9.426442362338436807e-05
9.425324161647110038e-05
9.424493788592305972e-05
9.423588121581308330e-05
9.422820035128092809e-05
9.422089851306770277e-05
9.421354199209172435e-05
9.420726617127759249e-05
9.420041322533925386e-05
9.419310794017474024e-05
9.418680112762667605e-05
9.418130191914215132e-05
9.417591006641645788e-05
9.417039460652744127e-05
9.416444038265481004e-05
9.415942331146269647e-05
9.415286336076143889e-05
9.414843398715859533e-05
9.413993383211000207e-05
9.413582817611808968e-05
9.413165933548082239e-05
9.412762977434106337e-05
9.412038907581902114e-05
9.411535853670991326e-05
9.411170799033410461e-05
9.410805894547243252e-05
9.410486837153988246e-05
9.410183547731113961e-05
9.409785210481654721e-05
9.409395643451968605e-05
9.409139236905101830e-05
9.408886880428704211e-05
9.408672605459510142e-05
9.408433639500725712e-05
9.408169472013178678e-05
9.407929788226555791e-05
9.407730434727471847e-05
9.407548223064163175e-05
9.407253485076414498e-05
9.407104560892382461e-05
9.406948536331435581e-05
9.406844257280252421e-05
9.406718240890786270e-05
9.406622466221490134e-05
9.406541688088810140e-05
9.406437750833469098e-05
9.406099270122797299e-05
9.405874160836572733e-05
9.405801626343375532e-05
9.405698196278458590e-05
9.405622705391053983e-05
9.405554032425748391e-05
9.405503554979205286e-05
9.405466003035969013e-05
9.405414679174797798e-05
9.405314462278971193e-05
9.405261324792479904e-05
9.405213652399904223e-05
9.405181873488045437e-05
9.405145955703527339e-05
9.405089774809386404e-05
9.405033112134991214e-05
9.404982728792531902e-05
9.404803775722306639e-05
9.404655973943195615e-05
9.404595982274375739e-05
9.404533986137012403e-05
9.404491009210059484e-05
9.404435635787365298e-05
9.404273195018921199e-05
9.404202733198710202e-05
9.404142173468697081e-05
9.404031143876166222e-05
9.403878617123134233e-05
9.403754927188232558e-05
9.403590523248324146e-05
9.403431356036880606e-05
9.403218933624544996e-05
9.403037417816058926e-05
9.402855486649538974e-05
9.402673063190470607e-05
9.402278568237366853e-05
9.401716952505205472e-05
9.401246378239434549e-05
9.400704878676134310e-05
9.399842299338716028e-05
9.398707754835812251e-05
9.396321951920894391e-05
