8.028752829378965072e-06
4.656676641039802621e-04
9.233065753785815169e-04
1.380945486653177784e-03
1.838584397927775678e-03
2.296223309202383329e-03
2.753862220476990547e-03
3.211501131751597765e-03
3.669140043026197177e-03
4.126778954300782710e-03
4.584417865575367811e-03
5.042056776849952043e-03
5.499695688124537143e-03
5.957334599399122244e-03
6.414973510673707344e-03
6.872612421948293311e-03
7.330251333222907902e-03
7.787890244497536370e-03
8.245529155772165705e-03
8.703168067046795908e-03
9.160806978321426111e-03
9.618445889596054579e-03
1.007608480087068478e-02
1.053372371214531499e-02
1.099136262341994345e-02
1.144900153469457366e-02
1.190664044596920212e-02
1.236427935724383233e-02
1.282191826851846080e-02
1.327955717979309100e-02
1.373719609106772120e-02
1.419483500234234793e-02
1.465247391361697814e-02
1.511011282489160661e-02
1.556775173616623681e-02
1.602539064744086875e-02
1.648302955871549721e-02
1.694066846999012568e-02
1.739830738126475415e-02
1.785594629253938262e-02
1.831358520381401456e-02
1.877122411508864303e-02
1.922886302636327149e-02
1.968650193763790343e-02
2.014414084891253190e-02
2.060177976018716037e-02
2.105941867146179231e-02
2.151705758273641730e-02
2.197469649401104924e-02
2.243233540528568118e-02
2.288997431656030618e-02
2.334761322783493812e-02
2.380525213910957005e-02
2.426289105038420199e-02
2.472052996165882699e-02
2.517816887293345893e-02
2.563580778420808740e-02
2.609344669548271586e-02
2.655108560675734780e-02
2.700872451803197627e-02
2.746636342930660474e-02
2.792400234058123321e-02
2.838164125185586167e-02
2.883928016313049361e-02
2.929691907440511861e-02
2.975455798567975055e-02
3.021219689695437902e-02
3.066983580822900748e-02
3.112747471950363942e-02
3.158511363077826789e-02
3.204275254205289636e-02
3.250039145332752483e-02
3.295803036460216023e-02
3.341566927587678176e-02
3.387330818715141717e-02
3.433094709842604564e-02
3.478858600970067411e-02
3.524622492097530257e-02
3.570386383224993798e-02
3.616150274352455951e-02
3.661914165479919492e-02
3.707678056607382339e-02
3.753441947734845185e-02
3.799205838862308032e-02
3.844969729989770879e-02
3.890733621117233726e-02
3.936497512244696573e-02
3.982261403372160113e-02
4.028025294499622960e-02
4.073789185627085807e-02
4.119553076754548654e-02
4.165316967882011501e-02
4.211080859009474348e-02
4.256844750136937888e-02
4.302608641264400735e-02
4.348372532391863582e-02
4.394136423519325735e-02
4.439900314646789969e-02
4.485664205774252122e-02
4.531428096901714969e-02
4.577191988029178510e-02
4.622955879156641357e-02
4.668719770284103510e-02
4.714483661411567050e-02
4.760247552539029897e-02
4.806011443666492744e-02
4.851775334793956285e-02
4.897539225921419132e-02
4.943303117048881284e-02
4.989067008176344825e-02
5.034830899303807672e-02
5.080594790431270519e-02
5.126358681558734059e-02
5.172122572686196212e-02
5.217886463813659059e-02
5.263650354941122600e-02
5.309414246068585447e-02
5.355178137196048294e-02
5.400942028323511834e-02
5.446705919450973987e-02
5.492469810578436834e-02
5.538233701705900375e-02
5.583997592833363222e-02
5.629761483960825375e-02
5.675525375088289609e-02
5.721289266215751762e-02
5.767053157343214609e-02
5.812817048470678150e-02
5.858580939598140996e-02
5.904344830725603149e-02
5.950108721853066690e-02
5.995872612980529537e-02
6.041636504107992384e-02
6.087400395235455924e-02
6.133164286362918771e-02
6.178928177490380924e-02
6.224692068617844465e-02
6.270455959745306618e-02
6.316219850872771546e-02
6.361983742000233699e-02
6.407747633127695852e-02
6.453511524255159393e-02
6.499275415382622934e-02
6.545039306510085086e-02
6.590803197637548627e-02
6.636567088765010780e-02
6.682330979892474321e-02
6.728094871019937862e-02
6.773858762147400014e-02
6.819622653274862167e-02
6.865386544402325708e-02
6.911150435529789249e-02
6.956914326657251402e-02
7.002678217784714942e-02
7.048442108912177095e-02
7.094206000039640636e-02
7.139969891167104177e-02
7.185733782294566330e-02
7.231497673422029870e-02
7.277261564549493411e-02
7.323025455676955564e-02
7.368789346804417717e-02
7.414553237931881258e-02
7.460317129059344798e-02
7.506081020186806951e-02
7.551844911314270492e-02
7.597608802441732645e-02
7.643372693569196186e-02
7.689136584696659726e-02
7.734900475824121879e-02
7.780664366951584032e-02
7.826428258079047573e-02
7.872192149206511114e-02
7.917956040333973267e-02
7.963719931461436807e-02
8.009483822588900348e-02
8.055247713716362501e-02
8.101011604843826042e-02
8.146775495971288195e-02
8.192539387098751735e-02
8.238303278226215276e-02
8.284067169353677429e-02
8.329831060481139582e-02
8.375594951608603123e-02
8.421358842736066663e-02
8.467122733863528816e-02
8.512886624990992357e-02
8.558650516118454510e-02
8.604414407245918051e-02
8.650178298373381591e-02
8.695942189500842356e-02
8.741706080628305897e-02
8.787469971755770826e-02
8.833233862883234366e-02
8.878997754010695131e-02
8.924761645138158672e-02
8.970525536265622213e-02
9.016289427393084366e-02
9.062053318520547907e-02
9.107817209648011447e-02
9.153581100775473600e-02
9.199344991902937141e-02
9.245108883030400682e-02
9.290872774157861447e-02
9.336636665285324987e-02
9.382400556412788528e-02
9.428164447540250681e-02
9.473928338667714222e-02
9.519692229795177763e-02
9.565456120922639915e-02
9.611220012050103456e-02
9.656983903177566997e-02
9.702747794305029150e-02
9.748511685432492690e-02
9.794275576559956231e-02
9.840039467687416996e-02
9.885803358814880537e-02
9.931567249942344078e-02
9.977331141069806231e-02
1.002309503219726977e-01
1.006885892332473331e-01
1.011462281445219547e-01
1.016038670557965901e-01
1.020615059670712255e-01
1.025191448783458331e-01
1.029767837896204685e-01
1.034344227008951039e-01
1.038920616121697255e-01
1.043497005234443609e-01
1.048073394347189963e-01
1.052649783459936178e-01
1.057226172572682532e-01
1.061802561685428886e-01
1.066378950798175101e-01
1.070955339910921456e-01
1.075531729023667810e-01
1.080108118136413886e-01
1.084684507249160240e-01
1.089260896361906594e-01
1.093837285474652810e-01
1.098413674587399164e-01
1.102990063700145518e-01
1.107566452812891733e-01
1.112142841925638087e-01
1.116719231038384441e-01
1.121295620151130518e-01
1.125872009263874512e-01
1.130448398376613789e-01
1.135024787489352927e-01
1.139601176602092203e-01
1.144177565714831341e-01
1.148753954827570478e-01
1.153330343940309616e-01
1.157906733053048753e-01
1.162483122165787891e-01
1.167059511278527029e-01
1.171635900391266444e-01
1.176212289504005581e-01
1.180788678616744719e-01
1.185365067729483857e-01
1.189941456842223133e-01
1.194517845954962271e-01
1.199094235067701408e-01
1.203670624180440546e-01
1.208247013293179684e-01
1.212823402405919099e-01
1.217399791518658236e-01
1.221976180631397374e-01
1.226552569744136512e-01
1.231128958856875649e-01
1.235705347969614787e-01
1.240281737082354063e-01
1.244858126195093201e-01
1.249434515307832338e-01
1.254010904420571615e-01
1.258587293533310891e-01
1.263163682646049890e-01
1.267740071758789167e-01
1.272316460871528443e-01
1.276892849984267442e-01
1.281469239097006718e-01
1.286045628209745717e-01
1.290622017322485271e-01
1.295198406435224270e-01
1.299774795547963546e-01
1.304351184660702545e-01
1.308927573773441821e-01
1.313503962886180820e-01
1.318080351998920097e-01
1.322656741111659373e-01
1.327233130224398372e-01
1.331809519337137648e-01
1.336385908449876925e-01
1.340962297562616201e-01
1.345538686675355200e-01
1.350115075788094476e-01
1.354691464900833475e-01
1.359267854013572752e-01
1.363844243126311750e-01
1.368420632239051027e-01
1.372997021351790303e-01
1.377573410464529580e-01
1.382149799577268579e-01
1.386726188690007855e-01
1.391302577802747131e-01
1.395878966915486130e-01
1.400455356028225407e-01
1.405031745140964405e-01
1.409608134253703682e-01
1.414184523366442958e-01
1.418760912479182235e-01
1.423337301591921233e-01
1.427913690704660510e-01
1.432490079817399509e-01
1.437066468930138785e-01
1.441642858042878061e-01
1.446219247155617060e-01
1.450795636268356337e-01
1.455372025381095613e-01
1.459948414493834890e-01
1.464524803606573888e-01
1.469101192719313165e-01
1.473677581832052164e-01
1.478253970944791440e-01
1.482830360057530439e-01
1.487406749170269715e-01
1.491983138283008992e-01
1.496559527395748268e-01
1.501135916508487267e-01
1.505712305621226543e-01
1.510288694733965820e-01
1.514865083846704819e-01
1.519441472959444095e-01
1.524017862072183094e-01
1.528594251184922370e-01
1.533170640297661647e-01
1.537747029410400923e-01
1.542323418523139922e-01
1.546899807635879198e-01
1.551476196748618197e-01
1.556052585861357473e-01
1.560628974974096750e-01
1.565205364086835749e-01
1.569781753199575025e-01
1.574358142312314301e-01
1.578934531425053578e-01
1.583510920537792577e-01
1.588087309650531853e-01
1.592663698763270852e-01
1.597240087876010128e-01
1.601816476988749127e-01
1.606392866101488404e-01
1.610969255214227680e-01
1.615545644326966956e-01
1.620122033439705955e-01
1.624698422552445232e-01
1.629274811665184508e-01
1.633851200777923507e-01
1.638427589890662783e-01
1.643003979003401782e-01
1.647580368116141059e-01
1.652156757228880335e-01
1.656733146341619611e-01
1.661309535454358610e-01
1.665885924567097887e-01
1.670462313679836885e-01
1.675038702792576162e-01
1.679615091905315438e-01
1.684191481018054437e-01
1.688767870130793713e-01
1.693344259243532990e-01
1.697920648356272266e-01
1.702497037469011265e-01
1.707073426581750264e-01
1.711649815694489818e-01
1.716226204807229094e-01
1.720802593919968093e-01
1.725378983032707370e-01
1.729955372145446368e-01
1.734531761258185645e-01
1.739108150370924644e-01
1.743684539483663920e-01
1.748260928596403196e-01
1.752837317709142195e-01
1.757413706821881472e-01
1.761990095934620471e-01
1.766566485047359747e-01
1.771142874160098746e-01
1.775719263272838022e-01
1.780295652385577299e-01
1.784872041498316297e-01
1.789448430611055574e-01
1.794024819723795128e-01
1.798601208836534127e-01
1.803177597949273403e-01
1.807753987062012402e-01
1.812330376174751678e-01
1.816906765287490955e-01
1.821483154400229953e-01
1.826059543512969230e-01
1.830555645097414752e-01
