3.625891357663726944e-02
3.352002661388830268e-02
3.156073755005506243e-02
2.993101556373818292e-02
2.848746657159989537e-02
2.718517708656429874e-02
2.598854083554059252e-02
2.487549196805196802e-02
2.382869350537602723e-02
2.283433593299300998e-02
2.189324902643518395e-02
2.100012705443960945e-02
2.015117404642093046e-02
1.934074061251588733e-02
1.856608221030236691e-02
1.782569594483837325e-02
1.711407603272863467e-02
1.643585960972683904e-02
1.578876912507829258e-02
1.516987391477109433e-02
1.457773342822718012e-02
1.401198288436261534e-02
1.346878663829214479e-02
1.294897024482639242e-02
1.245042824375804970e-02
1.197370218000515761e-02
1.151649866794990373e-02
1.108056045612885315e-02
1.066372447759026017e-02
1.026621634160954782e-02
9.884143632061281534e-03
9.517540709480670075e-03
9.165994503965220475e-03
8.831085706372752628e-03
8.511978587219005965e-03
8.206466601872040856e-03
7.914860641727593932e-03
7.636582085046912487e-03
7.370823578585422066e-03
7.116090051344143609e-03
6.872106093595425035e-03
6.639066504365985499e-03
6.417824669180534694e-03
6.207094050567362603e-03
6.005911799235168561e-03
5.814263707336383979e-03
5.630835315760086314e-03
5.455287265861171256e-03
5.287864587633276867e-03
5.127821818485524437e-03
4.975007263325776155e-03
4.829666164648935799e-03
4.690460589144127175e-03
4.557282148538286011e-03
4.430168077450783587e-03
4.308239028428601652e-03
4.191525503701560261e-03
4.079941518124075017e-03
3.967199978512205537e-03
3.863884898832413168e-03
3.764968596935670212e-03
3.669737697113720221e-03
3.577511771777897032e-03
3.489613300086505474e-03
3.405065413830356356e-03
3.324181997180612660e-03
3.243575851157663725e-03
3.169310124159208791e-03
3.096909630483535292e-03
3.027795988175166486e-03
2.960311810888631174e-03
2.896449215568007180e-03
2.834477267191259312e-03
2.775101914209974086e-03
2.718081048001477588e-03
2.660955935135228805e-03
2.608095680097688180e-03
2.556734139859233312e-03
2.508028475873411677e-03
2.461119407667936194e-03
2.416499975406683279e-03
2.373034752923149603e-03
2.331932751765933461e-03
2.292502700088031899e-03
2.254755712066799402e-03
2.218438304271259324e-03
2.183830085775323795e-03
2.150590582797756202e-03
2.118812421588618482e-03
2.087238227868000017e-03
2.057887042842017691e-03
2.029822366190767516e-03
2.001838371063239305e-03
1.974844825604899889e-03
1.949727217014599057e-03
1.924067047708706785e-03
1.901169062601304645e-03
1.879020833904296219e-03
1.858125764654246139e-03
1.837927552497386867e-03
1.818816188534494666e-03
1.800220974176536910e-03
1.782621960540415728e-03
1.765384330128915357e-03
1.749394659750467401e-03
1.733961795346501342e-03
1.719498236874192863e-03
1.705129842965158286e-03
1.691670524192711959e-03
1.678927558749182753e-03
1.664808977029711519e-03
1.653205874339402784e-03
1.642096405772202738e-03
1.631519461264558995e-03
1.620823730667978564e-03
1.611220274037324530e-03
1.601619043008232915e-03
1.592968588688099298e-03
1.584687320818919378e-03
1.576265681397201772e-03
1.568265700114823864e-03
1.560874422386339735e-03
1.553561034403955340e-03
1.546458337986639881e-03
1.539959462182151090e-03
1.533841705200140668e-03
1.527972791573920831e-03
1.519886015165360094e-03
1.512885588422702978e-03
1.507089018299689323e-03
1.501997669944825885e-03
1.496669819644209443e-03
1.491455057494352632e-03
1.486888119426012494e-03
1.481302040599542054e-03
1.476795253461844759e-03
1.472697336425265926e-03
1.468227507884006886e-03
1.464379955506549128e-03
1.460804819885558109e-03
1.457272021337346511e-03
1.453876937628482448e-03
1.450599823667624456e-03
1.447397493652075604e-03
1.444446946695486381e-03
1.441542327880563712e-03
1.438735030180427399e-03
1.436115845202714418e-03
1.433414227361427470e-03
1.430953945970065517e-03
1.428510193387081328e-03
1.426305117570239242e-03
1.424066266504629653e-03
1.421870395265091699e-03
1.419796076690286145e-03
1.417794323400772090e-03
1.415942697108150614e-03
1.414166392372129917e-03
1.412337229871594687e-03
1.410601023997604076e-03
1.409008695892602228e-03
1.407402848980669925e-03
1.405884824882432148e-03
1.404460231649163563e-03
1.402467147720273637e-03
1.400937196790470090e-03
1.399178027794598924e-03
1.397815998977309463e-03
1.396513190348701262e-03
1.395161347922552111e-03
1.393782457058936799e-03
1.392609545708438888e-03
1.391448876930206392e-03
1.390346019203131042e-03
1.388202260789318365e-03
1.387033348817822472e-03
1.385951120446217519e-03
1.384843886884719495e-03
1.383432871993828467e-03
1.382197750112713203e-03
1.381169906325225823e-03
1.380205863458470105e-03
1.379262464812466317e-03
1.378161592312401526e-03
1.376049562042847008e-03
1.375176323341406473e-03
1.374278988252874110e-03
1.373332960101415583e-03
1.372506035190200696e-03
1.371716983926649178e-03
1.370931067385076831e-03
1.370188722886553183e-03
1.368692887376927493e-03
1.367970515577107520e-03
1.367251605738103440e-03
1.366513094535076788e-03
1.365840960979797366e-03
1.365162031778601728e-03
1.364521632386111408e-03
1.363882094737195808e-03
1.363230078656146697e-03
1.362631025440409977e-03
1.362005748654641002e-03
1.361420891559627028e-03
1.360836926306099783e-03
1.360279867336851908e-03
1.359743715497072460e-03
1.359161760274136188e-03
1.358642890373403878e-03
1.358068638694172455e-03
1.357546691476425220e-03
1.356984837158536385e-03
1.355980017059389827e-03
1.355435390794730447e-03
1.354958667122764006e-03
1.354486987663526282e-03
1.354028552845733995e-03
1.353572763661946982e-03
1.353135610494155330e-03
1.352719658402591618e-03
1.352278890182448314e-03
1.351831270939513616e-03
1.351440454526337334e-03
1.351038750912221878e-03
1.350619967259890190e-03
1.350222044656020299e-03
1.349832675120544567e-03
1.349434877343725931e-03
1.349076637545674941e-03
1.348727103772887938e-03
1.348387010863623522e-03
1.347975593210218748e-03
1.347643618502506304e-03
1.347313651327726718e-03
1.346950880956223305e-03
1.346635147773666673e-03
1.346248686621919237e-03
1.345937430613646695e-03
1.345624466046183108e-03
1.345303008644064581e-03
1.344962112930784192e-03
1.344667567406800058e-03
1.344262168376881162e-03
1.343977987063483138e-03
1.343701833578769475e-03
1.343443084141104612e-03
1.343185556563736283e-03
1.342915493228354724e-03
1.342660918925628593e-03
1.342414815734953868e-03
1.342172535823385427e-03
1.341944504371522058e-03
1.341714369877705215e-03
1.341475480309476612e-03
1.340531848633559099e-03
1.340260738569590488e-03
1.340043379663366898e-03
1.339777093776462619e-03
1.339566864316704946e-03
1.339368053740966824e-03
1.339143914481281386e-03
1.338951100361350857e-03
1.338756780446811318e-03
1.338562010855055091e-03
1.338371806888806947e-03
1.338194766143492413e-03
1.337963767616964957e-03
1.337788181275697055e-03
1.337597294766803245e-03
1.337413244790052564e-03
1.337239523694944447e-03
1.337059909465385631e-03
1.336859309394064109e-03
1.336661092542068682e-03
1.336504997836180731e-03
1.336350649307684480e-03
1.336187738693897032e-03
1.336037450890281697e-03
1.335883605497753448e-03
1.335736009650427070e-03
1.335596001278749117e-03
1.335463690235940944e-03
1.335321396839706702e-03
1.335171352980189362e-03
1.335039492708547243e-03
1.334913394676079433e-03
1.334601052690662960e-03
1.334414705923987580e-03
1.334288625701440627e-03
1.334150670299057454e-03
1.333968476987646909e-03
1.333839837955170171e-03
1.333718637084323026e-03
1.333610844243884918e-03
1.333474909369909093e-03
1.333326713620581376e-03
1.333211323760398210e-03
1.333110262380937487e-03
1.333010351927882593e-03
1.332869990268102959e-03
1.332740084331164674e-03
1.332629779929725075e-03
1.332529228303090240e-03
1.332420956912117862e-03
1.332316915554039539e-03
1.332226717676740458e-03
1.332129880501213212e-03
1.332030806541233429e-03
1.331933387462567878e-03
1.331787274043237830e-03
1.331701725754092262e-03
1.331616835454903702e-03
1.331534294294242290e-03
1.331426345379927052e-03
1.331349529987243445e-03
1.331267551860550874e-03
1.331195881367280235e-03
1.331128022762614275e-03
1.331054456675038414e-03
1.330989493162327035e-03
1.330916525088355088e-03
1.330819016922706955e-03
1.330726923541276181e-03
1.330652526893274330e-03
1.330572893094004051e-03
1.330507089060667782e-03
1.330435020173896662e-03
1.329776002979368666e-03
1.329707676245380074e-03
1.329638503437321952e-03
1.329571021202479320e-03
1.329494003628082935e-03
1.329426186999449434e-03
1.329344177388898807e-03
1.329182325891966991e-03
1.329110005717452653e-03
1.329057430563058756e-03
1.328996646076917266e-03
1.328950548349212141e-03
1.328883215608551516e-03
1.328835559590095614e-03
1.328709093798662597e-03
1.328651185802554469e-03
1.328598802638419115e-03
1.328556678792198282e-03
1.328515184892197420e-03
1.328461895178238142e-03
1.328422654801288388e-03
1.328381237956908090e-03
1.328343421454502215e-03
1.328297253822788293e-03
1.328256712156841626e-03
1.328148779194662267e-03
1.328114052482829962e-03
1.328085029464120279e-03
1.327995026129231591e-03
1.327960209033102450e-03
1.327935710890504589e-03
1.327903147557286121e-03
1.327876757329644062e-03
1.327844636891684473e-03
1.327822884916463010e-03
1.327803879168991744e-03
1.327764525088191618e-03
1.327739409957183307e-03
1.327720827397336524e-03
1.327700693073670737e-03
1.327675426514943972e-03
1.327659465085154330e-03
1.327634730302680805e-03
1.327612272016886813e-03
1.327600347537144423e-03
1.327571526586581894e-03
1.327558474611595200e-03
1.327545771113287443e-03
1.327514464657512461e-03
1.327496770647549956e-03
1.327488652566875468e-03
1.327480405232767070e-03
1.327470416674742535e-03
1.327449488004304144e-03
1.327443298066466456e-03
1.327434918608415846e-03
1.327428209605086614e-03
1.327422386862649314e-03
1.327412597440737110e-03
1.327404296020332939e-03
1.327393998122088732e-03
1.327363951904619605e-03
1.327351229105542315e-03
1.327331769191942082e-03
1.327298367881353178e-03
1.327218405595483215e-03
1.327082042833006717e-03
1.327015121180793230e-03
1.326553809589914919e-03
1.331335508572410644e-03
1.343384700997628418e-03
1.358370187576448101e-03
1.376328569305460426e-03
1.403948703537469082e-03
