1.435852082547713938e-03
1.312888713241388812e-03
1.210801855185971148e-03
1.119831892317091262e-03
1.039680918992952775e-03
9.671297187671031850e-04
9.009166351052041912e-04
8.411723605454145443e-04
7.864896281376595327e-04
7.358153632607947236e-04
6.882845805326227862e-04
6.437330840771338840e-04
6.020697254785281616e-04
5.632977912685789091e-04
5.269555183613094549e-04
4.929741026581127778e-04
4.611256885180643945e-04
4.314244200826882749e-04
4.035105761352641616e-04
3.772353897316167324e-04
3.523636983424070280e-04
3.288601058827408810e-04
3.066817842453370196e-04
2.857383874995514969e-04
2.659953871634314587e-04
2.473041920394472809e-04
2.296991800691196197e-04
2.131385028248534280e-04
1.975234713128616354e-04
1.828370934556950984e-04
1.690671119616602520e-04
1.561212314695273882e-04
1.439428435751900195e-04
1.324689936207012672e-04
1.217057545273682935e-04
1.116211387167925225e-04
1.021650415565353076e-04
9.330777716728575963e-05
8.502464692801292730e-05
7.724249982795417565e-05
7.000106160049142747e-05
6.329183795362630139e-05
5.707172170798605342e-05
5.134201386592978435e-05
4.610813795217703193e-05
4.129861990928532532e-05
3.690072300694789974e-05
3.289849824582975567e-05
2.928373908073212867e-05
2.604313648050638163e-05
2.313609622005693980e-05
2.057424013741082422e-05
1.833359706345718618e-05
1.638953631447429501e-05
1.465965242348299037e-05
1.316471340148707628e-05
1.182801223725806755e-05
1.061793239312468717e-05
9.544545893554574689e-06
8.585915500984321038e-06
7.737953874449863048e-06
6.969208738779940582e-06
6.280446743720806281e-06
5.676403358163397829e-06
5.128553215507978917e-06
4.647353047602282144e-06
4.214378079887795179e-06
3.837733845547797773e-06
3.499266995123718822e-06
3.197664570265199572e-06
2.934530442412005423e-06
2.698477626451143748e-06
2.494979413618955356e-06
2.319295905192665099e-06
2.164878461186046468e-06
2.023829366634760152e-06
1.894817235101811241e-06
1.777830950525835920e-06
1.676609300927052181e-06
1.584003335889978071e-06
1.499248215229244668e-06
1.424227430579021595e-06
1.354864618252233408e-06
1.288682740311945832e-06
1.235568218604011135e-06
1.186503463252771313e-06
1.142473905469487668e-06
1.097401210898931518e-06
1.057464144025677372e-06
1.022444748986607520e-06
9.898480050418362300e-07
9.572791609097169091e-07
9.297556158083471631e-07
9.050417205208768250e-07
8.793139838790112992e-07
8.585423859158904058e-07
8.351726233446879537e-07
8.174502371022793512e-07
8.015264253446748652e-07
7.869703215672542177e-07
7.714402074067404445e-07
7.580917978073473241e-07
7.448294153943908506e-07
7.363976736938046664e-07
7.264007686497826638e-07
7.206852277053843957e-07
7.144719161336462149e-07
7.076958461043747715e-07
7.030888052514193213e-07
6.990025169021100143e-07
6.945182562965081461e-07
6.923636826317312569e-07
6.868188391329813957e-07
6.822411604097216147e-07
6.820755283442421912e-07
6.815723348709447708e-07
6.772782946628429785e-07
6.766596582153231891e-07
6.764722841499537849e-07
6.723000478630206577e-07
6.722327885865816784e-07
6.707741678553639318e-07
6.704927589580948117e-07
6.698686776019087268e-07
6.696589412325279601e-07
6.687548591404632618e-07
6.668756341257511908e-07
6.668589964345027438e-07
6.664580249256217020e-07
6.662662935783103643e-07
6.652331680978103214e-07
6.645357432582508262e-07
6.636824735364704830e-07
6.630195191008624791e-07
6.625619525225740769e-07
6.617856848674600064e-07
6.614642886804783033e-07
6.604869162282371999e-07
6.600392937333812982e-07
6.597690192104392736e-07
6.595290405848715802e-07
6.594661007931279320e-07
6.570728107420119486e-07
6.564892443891605342e-07
6.564762356777201274e-07
6.562963783795565860e-07
6.560289582086878060e-07
6.556921675423397275e-07
6.557197293130733507e-07
6.549879312250826239e-07
6.547438754393688801e-07
6.545180883810173497e-07
6.542834395139073703e-07
6.497709488292826030e-07
6.472085773157665866e-07
6.467486304064028060e-07
6.438913407320174346e-07
6.434041789179162303e-07
6.431438384154868392e-07
6.427692161551198363e-07
6.394429617220726727e-07
6.392902744240279132e-07
6.388841622390303392e-07
6.361945716388596110e-07
6.348718018154306128e-07
6.345055933234531728e-07
6.341078157759891904e-07
6.312319544075500772e-07
6.305959848796027263e-07
6.291122958175249269e-07
6.289510373654468397e-07
6.285774183307728629e-07
6.275665346119602089e-07
6.272124235117798123e-07
6.272486264638733590e-07
6.271961519658511477e-07
6.258374376122387673e-07
6.241012926284719886e-07
6.239310819623784592e-07
6.237212176141890396e-07
6.226233698167478579e-07
6.205338838183608974e-07
6.203546539191047148e-07
6.201910180332144221e-07
6.199085737916938052e-07
6.190755050962719733e-07
6.187691649645788455e-07
6.167050665346605538e-07
6.153067463616900271e-07
6.148677323687784297e-07
6.146164167667239035e-07
6.129941593956884609e-07
6.121560680279107159e-07
6.111717597523371132e-07
6.096486853992216140e-07
6.078762690857735535e-07
6.072000817349881307e-07
6.058659073902048785e-07
6.047727944940062434e-07
6.036960149180789798e-07
6.031689339541154493e-07
6.010854807061827034e-07
6.012910456240339333e-07
6.006871383961748408e-07
5.991527099043222274e-07
5.975133887179852174e-07
5.958691495848332480e-07
5.950780980736252567e-07
5.948029079453677179e-07
5.938672270487683019e-07
5.922364554784191569e-07
5.924099703530443838e-07
5.912063944512529447e-07
5.884796993952916478e-07
5.897093197742228115e-07
5.873377556006784168e-07
5.861475052436523556e-07
5.855251530448449115e-07
5.857667764532498066e-07
5.854528896821897900e-07
5.855236974696703810e-07
5.853851959043281779e-07
5.858413727560032801e-07
5.851878952371011996e-07
5.837834360804961619e-07
5.852295076280063390e-07
5.851984233603017920e-07
5.842108949907295211e-07
5.854756101034799861e-07
5.849316352944687665e-07
5.896834368542567556e-07
5.881625172426084660e-07
5.892791287919860825e-07
5.938680351944519001e-07
5.963368034255014969e-07
5.976002547085385862e-07
5.971279944938109735e-07
5.979858209955362996e-07
6.028281797679508981e-07
6.052828366305431265e-07
6.213474572353254217e-07
