4.014376414689482536e-06
2.609344669548166571e-04
5.178545574949428888e-04
7.747746480350671148e-04
1.031694738575195244e-03
1.288614829115325433e-03
1.545534919655455622e-03
1.802455010195584077e-03
2.059375100735702339e-03
2.316295191275820169e-03
2.573215281815937564e-03
2.830135372356055393e-03
3.087055462896173656e-03
3.343975553436291485e-03
3.600895643976417988e-03
3.857815734516560971e-03
4.114735825056703954e-03
4.371655915596846936e-03
4.628576006136989919e-03
4.885496096677132902e-03
5.142416187217275017e-03
5.399336277757418000e-03
5.656256368297560982e-03
5.913176458837703965e-03
6.170096549377846948e-03
6.427016639917989063e-03
6.683936730458132913e-03
6.940856820998275029e-03
7.197776911538417144e-03
7.454697002078560127e-03
7.711617092618703109e-03
7.968537183158845225e-03
8.225457273698989075e-03
8.482377364239131190e-03
8.739297454779275040e-03
8.996217545319417155e-03
9.253137635859561005e-03
9.510057726399703121e-03
9.766977816939846971e-03
1.002389790747998909e-02
1.028081799802013294e-02
1.053773808856027505e-02
1.079465817910041890e-02
1.105157826964056275e-02
1.130849836018070313e-02
1.156541845072084698e-02
1.182233854126099083e-02
1.207925863180113295e-02
1.233617872234127506e-02
1.259309881288141891e-02
1.285001890342156103e-02
1.310693899396170314e-02
1.336385908450184699e-02
1.362077917504198911e-02
1.387769926558213296e-02
1.413461935612227507e-02
1.439153944666241892e-02
1.464845953720255931e-02
1.490537962774270316e-02
1.516229971828284701e-02
1.541921980882298739e-02
1.567613989936313124e-02
1.593305998990327335e-02
1.618998008044341894e-02
1.644690017098355758e-02
1.670382026152370317e-02
1.696074035206384528e-02
1.721766044260399087e-02
1.747458053314412951e-02
1.773150062368427510e-02
1.798842071422441721e-02
1.824534080476456280e-02
1.850226089530470144e-02
1.875918098584484703e-02
1.901610107638498914e-02
1.927302116692513126e-02
1.952994125746527337e-02
1.978686134800541896e-02
2.004378143854556107e-02
2.030070152908570319e-02
2.055762161962584531e-02
2.081454171016599089e-02
2.107146180070613301e-02
2.132838189124627512e-02
2.158530198178641724e-02
2.184222207232655935e-02
2.209914216286670494e-02
2.235606225340684705e-02
2.261298234394699264e-02
2.286990243448713128e-02
2.312682252502727340e-02
2.338374261556741898e-02
2.364066270610756110e-02
2.389758279664770321e-02
2.415450288718784880e-02
2.441142297772799091e-02
2.466834306826813650e-02
2.492526315880827514e-02
2.518218324934841726e-02
2.543910333988855937e-02
2.569602343042870496e-02
2.595294352096884707e-02
2.620986361150899266e-02
2.646678370204913477e-02
2.672370379258927342e-02
2.698062388312941554e-02
2.723754397366956112e-02
2.749446406420970324e-02
2.775138415474984882e-02
2.800830424528999094e-02
2.826522433583013305e-02
2.852214442637027864e-02
2.877906451691041728e-02
2.903598460745055940e-02
2.929290469799070498e-02
2.954982478853084710e-02
2.980674487907098921e-02
3.006366496961113480e-02
3.032058506015127691e-02
3.057750515069141556e-02
3.083442524123156114e-02
3.109134533177170326e-02
3.134826542231184537e-02
3.160518551285199096e-02
3.186210560339213654e-02
3.211902569393227519e-02
3.237594578447242077e-02
3.263286587501255942e-02
3.288978596555270500e-02
3.314670605609284365e-02
3.340362614663298924e-02
3.366054623717313482e-02
3.391746632771328041e-02
3.417438641825341905e-02
3.443130650879356464e-02
3.468822659933370328e-02
3.494514668987384887e-02
3.520206678041398751e-02
3.545898687095413310e-02
3.571590696149427868e-02
3.597282705203442427e-02
3.622974714257456291e-02
3.648666723311470156e-02
3.674358732365484714e-02
3.700050741419499273e-02
3.725742750473513137e-02
3.751434759527527696e-02
3.777126768581542254e-02
3.802818777635556119e-02
3.828510786689570677e-02
3.854202795743584542e-02
3.879894804797599100e-02
3.905586813851613659e-02
3.931278822905627524e-02
3.956970831959642082e-02
3.982662841013656640e-02
4.008354850067670505e-02
4.034046859121685064e-02
4.059738868175698928e-02
4.085430877229713487e-02
4.111122886283727351e-02
4.136814895337741910e-02
4.162506904391756468e-02
4.188198913445771027e-02
4.213890922499784891e-02
4.239582931553798756e-02
4.265274940607813314e-02
4.290966949661827873e-02
4.316658958715842431e-02
4.342350967769856296e-02
4.368042976823870160e-02
4.393734985877885413e-02
4.419426994931899277e-02
4.445119003985913836e-02
4.470811013039927700e-02
4.496503022093942259e-02
4.522195031147956124e-02
4.547887040201969988e-02
4.573579049255985240e-02
4.599271058309999105e-02
4.624963067364013664e-02
4.650655076418027528e-02
4.676347085472042781e-02
4.702039094526056645e-02
4.727731103580070510e-02
4.753423112634085068e-02
4.779115121688098933e-02
4.804807130742113491e-02
4.830499139796127356e-02
4.856191148850142608e-02
4.881883157904156473e-02
4.907575166958171031e-02
4.933267176012184896e-02
4.958959185066198760e-02
4.984651194120214013e-02
5.010343203174227877e-02
5.036035212228242436e-02
5.061727221282256300e-02
5.087419230336270859e-02
5.113111239390284724e-02
5.138803248444298588e-02
5.164495257498313840e-02
5.190187266552327705e-02
5.215879275606342264e-02
5.241571284660356128e-02
5.267263293714371380e-02
5.292955302768385245e-02
5.318647311822399110e-02
5.344339320876413668e-02
5.370031329930427533e-02
5.395723338984442091e-02
5.421415348038455956e-02
5.447107357092471208e-02
5.472799366146485073e-02
5.498491375200499631e-02
5.524183384254513496e-02
5.549875393308527360e-02
5.575567402362542613e-02
5.601259411416556477e-02
5.626951420470562709e-02
5.652643429524536328e-02
5.678335438578512029e-02
5.704027447632485648e-02
5.729719456686459961e-02
5.755411465740434274e-02
5.781103474794409280e-02
5.806795483848382899e-02
5.832487492902357212e-02
5.858179501956332219e-02
5.883871511010306532e-02
5.909563520064280151e-02
5.935255529118254464e-02
5.960947538172229471e-02
5.986639547226203784e-02
6.012331556280177403e-02
6.038023565334151715e-02
6.063715574388126722e-02
6.089407583442101035e-02
6.115099592496075348e-02
6.140791601550048967e-02
6.166483610604023974e-02
6.192175619657998287e-02
6.217867628711972600e-02
6.243559637765947606e-02
6.269251646819921919e-02
6.294943655873895538e-02
6.320635664927869157e-02
6.346327673981844164e-02
6.372019683035819171e-02
6.397711692089792790e-02
6.423403701143766409e-02
6.449095710197741416e-02
6.474787719251716422e-02
6.500479728305690041e-02
6.526171737359665048e-02
6.551863746413638667e-02
6.577555755467613674e-02
6.603247764521587293e-02
6.628939773575562300e-02
6.654631782629537307e-02
6.680323791683510926e-02
6.706015800737484545e-02
6.731707809791459551e-02
6.757399818845434558e-02
6.783091827899408177e-02
6.808783836953381796e-02
6.834475846007356803e-02
6.860167855061331810e-02
6.885859864115305429e-02
6.911551873169280436e-02
6.937243882223254055e-02
6.962935891277229061e-02
6.988627900331202680e-02
7.014319909385177687e-02
7.040011918439151306e-02
7.065703927493126313e-02
7.091395936547099932e-02
7.117087945601074939e-02
7.142779954655048558e-02
7.168471963709023564e-02
7.194163972762998571e-02
7.219855981816972190e-02
7.245547990870945809e-02
7.271239999924920816e-02
7.296932008978895823e-02
7.322624018032869442e-02
7.348316027086843061e-02
7.374008036140818068e-02
7.399700045194793074e-02
7.425392054248766693e-02
7.451084063302741700e-02
7.476776072356715319e-02
7.502468081410690326e-02
7.528160090464663945e-02
7.553852099518638952e-02
7.579544108572613959e-02
7.605236117626587578e-02
7.630928126680561197e-02
7.656620135734536203e-02
7.682312144788511210e-02
7.708004153842484829e-02
7.733696162896458448e-02
7.759388171950433455e-02
7.785080181004408462e-02
7.810772190058382081e-02
7.836464199112355700e-02
7.862156208166330706e-02
7.887848217220305713e-02
7.913540226274279332e-02
7.939232235328252951e-02
7.964924244382227958e-02
7.990616253436202965e-02
8.016308262490176584e-02
8.042000271544150203e-02
8.067692280598125210e-02
8.093384289652100216e-02
8.119076298706073835e-02
8.144768307760047454e-02
8.170460316814023849e-02
8.196152325867997468e-02
8.221844334921971087e-02
8.247536343975946094e-02
8.273228353029921101e-02
8.298920362083894720e-02
8.324612371137868339e-02
8.350304380191843345e-02
8.375996389245818352e-02
8.401688398299791971e-02
8.427380407353765590e-02
8.453072416407740597e-02
8.478764425461715604e-02
8.504456434515689223e-02
8.530148443569662842e-02
8.555840452623637848e-02
8.581532461677612855e-02
8.607224470731586474e-02
8.632916479785560093e-02
8.658608488839535100e-02
8.684300497893510107e-02
8.709992506947485114e-02
8.735684516001458733e-02
8.761376525055432352e-02
8.787068534109407358e-02
8.812760543163380977e-02
8.838452552217354596e-02
8.864144561271329603e-02
8.889836570325304610e-02
8.915528579379279617e-02
8.941220588433253236e-02
8.966912597487228243e-02
8.992604606541201862e-02
9.018296615595175481e-02
9.043988624649150487e-02
9.069680633703125494e-02
9.095372642757100501e-02
9.121064651811074120e-02
9.146756660865047739e-02
9.172448669919022746e-02
9.198140678972996365e-02
9.223832688026969984e-02
9.249524697080944990e-02
9.275216706134919997e-02
9.300908715188895004e-02
9.326600724242868623e-02
9.352292733296842242e-02
9.377984742350817249e-02
9.403676751404790868e-02
9.429368760458764487e-02
9.455060769512740881e-02
9.480752778566714500e-02
9.506444787620689507e-02
9.532136796674663126e-02
9.557828805728636745e-02
9.583520814782611752e-02
9.609212823836585371e-02
9.634904832890561766e-02
9.660596841944535385e-02
9.686288850998510391e-02
9.711980860052484010e-02
9.737672869106457629e-02
9.763364878160432636e-02
9.789056887214406255e-02
9.814748896268379874e-02
9.840440905322356269e-02
9.866132914376329888e-02
9.891824923430304894e-02
9.917516932484278513e-02
9.943208941538252132e-02
9.968900950592227139e-02
9.994592959646200758e-02
1.002028496870017715e-01
1.004597697775415077e-01
1.007166898680812439e-01
1.009736099586209940e-01
1.012305300491607302e-01
1.014874501397004664e-01
1.017443702302402164e-01
1.020012903207799526e-01
1.022582104113197166e-01
1.025151305018594527e-01
1.027680362159845012e-01
