2.495123924027788445e-03
2.129032722734613362e-03
1.924001899720406521e-03
1.772186888943908098e-03
1.648361861339425662e-03
1.542429582209033046e-03
1.449478348649752652e-03
1.366961780285211748e-03
1.292490125556222409e-03
1.224568906844627917e-03
1.162318618294281734e-03
1.105139607706902586e-03
1.052275184185423075e-03
1.003020759215438647e-03
9.570008489561131508e-04
9.138457116810396645e-04
8.732544265823082800e-04
8.349093664067860953e-04
7.987228653194776125e-04
7.644062505394415416e-04
7.318458918123836631e-04
7.008882302494653157e-04
6.714275763129605099e-04
6.433954754878491288e-04
6.166475409205173690e-04
5.910329911498227130e-04
5.665077594110508102e-04
5.430150077258413333e-04
5.204810468285081320e-04
4.988688371298524932e-04
4.780978405447855483e-04
4.581271211361113548e-04
4.389361716176466482e-04
4.204823638288340479e-04
4.027181403064937341e-04
3.856158631022660495e-04
3.691670716982971452e-04
3.533219296123467097e-04
3.380546245437670845e-04
3.233644874366260855e-04
3.091972537514893721e-04
2.955590316202177633e-04
2.824258749317532890e-04
2.697646559776830082e-04
2.575840150178294202e-04
2.458637708332182467e-04
2.345674188147882215e-04
2.237001587469121435e-04
2.132100179718647462e-04
2.030896755346035365e-04
1.933462419575987881e-04
1.839753270046537556e-04
1.749640282513821642e-04
1.662934023539888056e-04
1.579602098300636557e-04
1.499505189950059740e-04
1.422540063690082095e-04
1.348582263803568587e-04
1.277440491079922516e-04
1.209263853296012488e-04
1.143983111540859205e-04
1.081529811389010713e-04
1.021766314885944673e-04
9.643771016858596425e-05
9.097302537778938604e-05
8.573608836690210040e-05
8.075393136423516952e-05
7.601352750149264668e-05
7.151179533702892936e-05
6.723235290073928025e-05
6.316369639390207618e-05
5.930719991175391911e-05
5.564669979042614293e-05
5.218882934809162877e-05
4.892177808020315393e-05
4.583449767547913755e-05
4.292706024131594104e-05
4.015157769320069908e-05
3.756830609653195451e-05
3.515455510580728398e-05
3.291067886680656854e-05
3.081555170727338797e-05
2.887232042647040555e-05
2.702002747582117419e-05
2.532808661107085647e-05
2.374736992778347892e-05
2.229689061773493076e-05
2.091290028767274576e-05
1.962388375131868883e-05
1.845675036966789470e-05
1.737663216812054931e-05
1.638231359231014282e-05
1.545525263995490927e-05
1.460138195523391360e-05
1.381829388573332561e-05
1.309970266705351613e-05
1.242713254949603373e-05
1.181444694455942201e-05
1.123739843441321847e-05
1.071674119458771928e-05
1.023838576509070963e-05
9.794592363212024770e-06
9.392305322011663946e-06
8.981453195540883101e-06
8.634512562861339883e-06
8.301609012452932588e-06
8.004771700795952033e-06
7.722697619610784155e-06
7.456993315666413680e-06
7.215298942301301428e-06
6.968025650489389071e-06
6.751633898324731904e-06
6.561732600308760334e-06
6.365551613915084642e-06
6.195388914629166996e-06
6.035881151539543060e-06
5.885794959642773143e-06
5.728267759376855445e-06
5.588352710670916500e-06
5.453418420718086228e-06
5.330176763543950905e-06
5.220179410882624497e-06
5.106700225328399786e-06
5.000681155978380411e-06
4.906357337484310440e-06
4.819758393684674679e-06
4.736597647679024952e-06
4.657223676505029819e-06
4.581738949414933750e-06
4.507939082243647932e-06
4.440630859676904387e-06
4.366736034103568523e-06
4.307221433332082822e-06
4.244603899581327016e-06
4.177889333335377197e-06
4.122619902141730332e-06
4.065184832295576900e-06
4.015349371136330761e-06
3.963664310315298037e-06
3.916947936871293627e-06
3.873715241273599672e-06
3.828731254433912482e-06
3.787462623592853389e-06
3.737359911454843932e-06
3.701095813079120051e-06
3.661533718851181006e-06
3.624661826698267293e-06
3.590615529595982422e-06
3.551052861969762277e-06
3.513303895933332199e-06
3.484833131729363640e-06
3.458000858411750455e-06
3.431483511385199347e-06
3.404533331319105336e-06
3.381972654544990832e-06
3.359482704257050066e-06
3.337214392666052189e-06
3.303277053434911052e-06
3.283703992284651859e-06
3.262560070591600953e-06
3.244970744482961694e-06
3.229047696663478082e-06
3.213894324817379598e-06
3.190817299490508921e-06
3.178377149575179355e-06
3.166050923245594679e-06
3.154737887480806344e-06
3.142673850532655616e-06
3.132735422107035791e-06
3.117848126961403480e-06
3.108221163481189629e-06
3.100912349936393271e-06
3.093880436935139522e-06
3.087455218482121894e-06
3.073685644813234127e-06
3.068640070233114925e-06
3.055076746753216332e-06
3.050772290579499433e-06
3.045572480493705670e-06
3.041763585867313221e-06
3.037562031749181960e-06
3.033839849538636399e-06
3.030275200637578910e-06
3.026602255152232345e-06
3.023642465477549059e-06
3.021554073119768506e-06
3.018830955176355182e-06
3.009240875223597709e-06
3.003319670794366659e-06
3.002306064057567335e-06
3.001242057503619688e-06
3.000397122666415496e-06
3.000169796882241359e-06
2.999393612369423831e-06
2.998172114195395471e-06
2.998026252946634992e-06
2.997960062388533695e-06
2.997719108170718616e-06
2.997661801004418903e-06
2.997531210175647552e-06
2.997473981922446886e-06
2.997313816141140480e-06
2.997071306519060052e-06
2.989362742393122677e-06
2.989164339863402312e-06
2.988831353680232461e-06
2.988637653526111396e-06
2.988580111729462256e-06
2.988422501030418053e-06
2.988196199768315541e-06
2.987896971410437370e-06
2.987850541340572321e-06
2.987824418281297804e-06
2.987799687041188072e-06
2.987753398957983405e-06
2.987704196756354444e-06
2.987656876507923787e-06
2.987630738337076658e-06
2.987591063273919733e-06
2.987455707061762396e-06
2.987340117996061951e-06
2.987302070670298530e-06
2.987162166482132574e-06
2.986451709073691195e-06
2.986315609713679762e-06
2.985911935380138923e-06
2.985470766576752447e-06
2.985236586233488621e-06
2.985004585159961554e-06
2.984844004850898122e-06
2.984664589029295233e-06
2.984518729566489323e-06
2.984492451062745457e-06
2.984458111162590258e-06
2.984401299589534842e-06
2.984366326374664479e-06
2.984322581833535500e-06
2.984314428927286555e-06
2.984146604969126830e-06
2.984062634892237110e-06
2.984026467522901511e-06
2.983890472892731736e-06
2.983860019087383997e-06
2.983800179292040481e-06
2.983781114589613724e-06
2.983621088196035989e-06
2.983440784579434299e-06
2.983274823628132665e-06
2.983241914629579557e-06
2.983212803704500218e-06
2.983147336971601900e-06
2.983059629732073910e-06
2.982925401218626810e-06
2.982912306131989142e-06
2.982843670353915213e-06
2.982815894528960964e-06
2.982774692966488886e-06
2.982714818659966157e-06
2.982559018434731433e-06
2.982520401823491387e-06
2.982509375331711284e-06
2.982469763526563893e-06
2.982291893108723816e-06
2.982239242966155695e-06
2.982150483208869071e-06
2.982098184403910181e-06
2.981596076130170882e-06
2.981415161817760542e-06
2.981378424595021197e-06
2.981306001865398532e-06
2.980899266814497778e-06
2.980867206691192397e-06
2.980801872532686234e-06
2.980655866072377161e-06
2.980639682313536497e-06
2.980576877378631959e-06
2.980563056147686253e-06
2.978800615423826461e-06
2.978763830181207502e-06
2.978672346601666789e-06
2.978630948861324281e-06
2.978017073818265701e-06
2.977978521813356211e-06
2.977940507250187257e-06
2.977853293660591448e-06
2.977767814291968895e-06
2.977676826837534207e-06
2.977542805728211619e-06
2.977510020092068886e-06
2.977424202618660568e-06
2.977286621641575708e-06
2.977266656669568133e-06
2.977203612004593914e-06
2.976683816422357702e-06
2.976610163066562105e-06
2.976596806563249877e-06
2.976585320173863800e-06
2.976572701353805644e-06
2.976510985421424027e-06
2.976397867560935276e-06
2.976304872313009677e-06
2.976169919179770274e-06
2.976152261473925020e-06
2.976035179420992521e-06
2.975367116167901902e-06
2.975207607516725328e-06
2.975165119692852736e-06
2.974895486211312724e-06
2.974812149381795238e-06
2.974688230935730375e-06
2.974640218850309969e-06
2.973752968052927571e-06
2.972914782174604400e-06
2.972591134064283821e-06
2.972010376613837613e-06
2.971807756019018265e-06
2.971747419817342351e-06
2.971594074426597083e-06
2.971259163635388663e-06
2.970329673362923682e-06
2.970213506949608669e-06
2.969663333708499013e-06
2.969598416922397373e-06
2.969483488873216362e-06
2.969335515006226402e-06
2.969115329372323600e-06
2.968329024605207858e-06
2.968025243978829564e-06
2.967908363275907373e-06
2.967736009789295846e-06
2.967425116069103285e-06
2.960481456435707327e-06
2.960238811994608445e-06
2.960128268671288740e-06
2.958126037582515573e-06
2.956847022450272452e-06
2.956070750459516162e-06
2.955965645013985728e-06
2.955570370061093953e-06
2.955000170437462936e-06
2.954698274461190111e-06
2.952634858559044640e-06
2.950758528315280163e-06
2.949809017468397046e-06
2.949183637279336120e-06
2.948958657329399582e-06
2.947945945957849723e-06
2.947618759574269199e-06
2.946580477026772695e-06
2.945372114481964773e-06
2.944486982659147416e-06
2.943957669836816638e-06
2.943196582719207768e-06
2.941117379858868681e-06
2.939311927434231152e-06
2.938185123403105115e-06
2.937357017233376494e-06
2.937108819057222288e-06
2.936816074496301653e-06
2.936655082108626563e-06
2.935487011532515737e-06
2.932586998541430388e-06
2.931746333967147371e-06
2.930296158159650001e-06
2.929406627219146764e-06
2.927748799564664806e-06
2.927101052581848005e-06
2.925310553819553744e-06
2.923996330754962483e-06
2.922390014764074279e-06
2.921762565046430712e-06
2.920548785917638301e-06
2.919249408571241999e-06
2.918068430729364082e-06
2.917468969880818131e-06
2.916486569124698741e-06
2.915071427717163796e-06
2.913111982085529741e-06
2.911394755350941754e-06
2.908410556087682879e-06
2.907906551980233834e-06
2.906398514230276218e-06
2.904567027736766658e-06
2.903898108311656636e-06
2.899437033377460445e-06
2.895012615784264355e-06
2.892380534621911860e-06
2.888684041798922744e-06
2.886069774996426725e-06
2.884733126947024956e-06
2.881494829547194345e-06
2.873428308108804425e-06
2.869443612756681449e-06
2.868616547460281451e-06
2.861527654383510037e-06
2.859873276199966662e-06
2.858707024022986262e-06
2.857904702300199168e-06
2.856118365586408195e-06
2.854259156730756498e-06
2.852921162848365898e-06
