4.513321353235914249e-05
2.321697453997153057e-05
1.349764120128680198e-05
9.651620396093569114e-06
7.607011060668746132e-06
6.190409540883538732e-06
5.129646569015803762e-06
4.295509026265747398e-06
3.655921139105018677e-06
3.153801984472522181e-06
2.769154455533762634e-06
2.469709023801525315e-06
2.253107032472641172e-06
2.091819406592132691e-06
1.980731526724515725e-06
1.901740228260534379e-06
1.842230018381291417e-06
1.793076951258775941e-06
1.754948396627205378e-06
1.722962798948746996e-06
1.696666310361633696e-06
1.678246319069337347e-06
1.654533388240174062e-06
1.639041726237208459e-06
1.628319625122462622e-06
1.618439085140678880e-06
1.610622166289201004e-06
1.605790279567081081e-06
1.598094424941786175e-06
1.593467181449868442e-06
1.587220360328845907e-06
1.580205854428759166e-06
1.571802057819209692e-06
1.565915682455026776e-06
1.560884668388680792e-06
1.553077568512613699e-06
1.543361745206746079e-06
1.538380575215230341e-06
1.533509129706680000e-06
1.530225908245086592e-06
1.527952050834291393e-06
1.525170461844800509e-06
1.519127038442682738e-06
1.515375626550042890e-06
1.508744660374340770e-06
1.506848136542771551e-06
1.503163442382886011e-06
1.496127620475620210e-06
1.488368189441267877e-06
1.485391024452861345e-06
1.481756868506801381e-06
1.475419014850712918e-06
1.469458148916856079e-06
1.459649035606024192e-06
1.454315324243348642e-06
1.448306834014071103e-06
1.444392929079380714e-06
1.442025102327595203e-06
1.438625060029865044e-06
1.435237908063504086e-06
1.431747327193505561e-06
1.430626176494725890e-06
1.428731604279448297e-06
1.425054091192891990e-06
1.422395412128430535e-06
1.419827153130607264e-06
1.414655989530274916e-06
1.411578698598711454e-06
1.409583441855099019e-06
1.408368293559788834e-06
1.405375408656383268e-06
1.402759819171967356e-06
1.401296832400784840e-06
1.397923776040388701e-06
1.394534921151192514e-06
1.392260484020146900e-06
1.389092770784994344e-06
1.388039982319650191e-06
1.383917726778937140e-06
1.380763764950408057e-06
1.376577938461212080e-06
1.375277304214933159e-06
1.372967165300680845e-06
1.370879753391815427e-06
1.368833882365909984e-06
1.369323338418165046e-06
1.366781396162918789e-06
1.365886336405011034e-06
1.364479214722211427e-06
1.363498315412612277e-06
1.366302796909032930e-06
1.367077720931942995e-06
1.366969906224272613e-06
1.368713593006006512e-06
1.368941016762378841e-06
1.371197510709276555e-06
1.377048884249369028e-06
1.378535610167727576e-06
1.384735400877923537e-06
1.385889472224670905e-06
1.411164767258925821e-06
