4.014376414689482536e-06
1.047752244233953042e-03
2.091490112053216634e-03
3.135227979872445316e-03
4.178965847691739482e-03
5.222703715511070079e-03
6.266441583330400675e-03
7.310179451149730404e-03
8.353917318969060132e-03
9.397655186788391596e-03
1.044139305460772132e-02
1.148513092242705279e-02
1.252886879024638425e-02
1.357260665806571225e-02
1.461634452588504197e-02
1.566008239370437344e-02
1.670382026152370317e-02
1.774755812934303290e-02
1.879129599716236262e-02
1.983503386498169582e-02
2.087877173280102555e-02
2.192250960062035181e-02
2.296624746843968501e-02
2.400998533625901474e-02
2.505372320407834794e-02
2.609746107189767766e-02
2.714119893971700739e-02
2.818493680753633712e-02
2.922867467535567032e-02
3.027241254317500005e-02
3.131615041099432978e-02
3.235988827881365604e-02
3.340362614663298924e-02
3.444736401445232243e-02
3.549110188227165563e-02
3.653483975009098189e-02
3.757857761791031509e-02
3.862231548572964135e-02
3.966605335354897455e-02
4.070979122136830081e-02
4.175352908918763400e-02
4.279726695700696720e-02
4.384100482482629346e-02
4.488474269264562666e-02
4.592848056046495986e-02
4.697221842828429306e-02
4.801595629610361238e-02
4.905969416392294558e-02
5.010343203174227877e-02
5.114716989956160503e-02
5.219090776738093823e-02
5.323464563520027143e-02
5.427838350301960463e-02
5.532212137083893089e-02
5.636585923865802816e-02
5.740959710647573766e-02
5.845333497429344022e-02
5.949707284211115665e-02
6.054081070992886615e-02
6.158454857774656871e-02
6.262828644556428515e-02
6.367202431338198076e-02
6.471576218119969026e-02
6.575950004901739976e-02
6.680323791683510926e-02
6.784697578465281875e-02
6.889071365247051437e-02
6.993445152028823775e-02
7.097818938810593337e-02
7.202192725592364286e-02
7.306566512374135236e-02
7.410940299155906186e-02
7.515314085937677135e-02
7.619687872719448085e-02
7.724061659501219035e-02
7.828435446282989985e-02
7.932809233064759546e-02
8.037183019846530496e-02
8.141556806628301446e-02
8.245930593410072396e-02
8.350304380191843345e-02
8.454678166973614295e-02
8.559051953755383857e-02
8.663425740537156194e-02
8.767799527318927144e-02
8.872173314100696706e-02
8.976547100882469044e-02
9.080920887664238605e-02
9.185294674446009555e-02
9.289668461227779117e-02
9.394042248009551455e-02
9.498416034791322404e-02
9.602789821573091966e-02
9.707163608354864304e-02
9.811537395136633866e-02
9.915911181918404815e-02
1.002028496870017715e-01
1.012465875548194671e-01
1.022903254226371766e-01
1.033340632904548723e-01
1.043778011582725956e-01
1.054215390260902913e-01
1.064652768939080008e-01
1.075090147617257241e-01
1.085527526295434197e-01
1.095964904973611292e-01
1.106402283651788249e-01
1.116839662329965482e-01
1.127277041008142439e-01
1.137714419686319534e-01
1.148151798364496767e-01
1.158589177042673724e-01
1.169026555720850818e-01
1.179463934399028052e-01
1.189901313077205008e-01
1.200338691755381965e-01
1.210776070433559060e-01
1.221213449111736293e-01
1.231650827789913250e-01
1.242088206468090344e-01
1.252525585146267439e-01
1.262962963824444673e-01
1.273400342502621629e-01
1.283837721180798863e-01
1.294275099858975819e-01
1.304712478537152776e-01
1.315149857215329732e-01
1.325587235893506965e-01
1.336024614571684199e-01
1.346461993249861155e-01
1.356899371928038389e-01
1.367336750606215345e-01
1.377774129284392302e-01
1.388211507962569258e-01
1.398648886640746491e-01
1.409086265318923725e-01
1.419523643997100681e-01
1.429961022675277915e-01
1.440398401353454871e-01
1.450835780031631828e-01
1.461273158709809061e-01
1.471710537387986018e-01
1.482147916066163251e-01
1.492585294744340207e-01
1.503022673422517441e-01
1.513460052100694397e-01
1.523897430778871354e-01
1.534334809457048587e-01
1.544772188135225544e-01
1.555209566813402777e-01
1.565646945491579733e-01
1.576084324169756967e-01
1.586521702847933923e-01
1.596959081526110880e-01
1.607396460204288113e-01
1.617833838882465070e-01
1.628271217560642303e-01
1.638708596238819537e-01
1.649145974916996493e-01
1.659583353595173449e-01
1.670020732273350406e-01
1.680458110951527639e-01
1.690895489629704596e-01
1.701332868307881829e-01
1.711770246986059063e-01
1.722207625664236019e-01
1.732645004342412975e-01
1.743082383020589932e-01
1.753519761698767165e-01
1.763957140376944399e-01
1.774394519055121355e-01
1.784831897733298589e-01
1.795269276411475545e-01
1.805706655089652501e-01
1.816144033767829458e-01
1.826581412446006691e-01
1.837018791124183925e-01
1.847456169802360881e-01
1.857893548480538115e-01
1.868330927158715071e-01
1.878768305836892027e-01
1.889205684515068984e-01
1.899643063193246217e-01
1.910080441871423451e-01
1.920517820549600407e-01
1.930955199227777641e-01
1.941392577905954597e-01
1.951829956584131553e-01
1.962267335262308510e-01
1.972704713940486021e-01
1.983142092618662977e-01
1.993579471296839933e-01
2.004016849975017167e-01
2.014454228653194123e-01
2.024891607331371080e-01
2.035328986009548036e-01
2.045766364687725547e-01
2.056203743365902503e-01
2.066641122044079459e-01
2.077078500722256693e-01
2.087475735636286911e-01
