7.962775241841059393e-03
5.924984070936510465e-03
4.929480947032828866e-03
4.239367270512062365e-03
3.697222564553760086e-03
3.250538239070677616e-03
2.876292990185241871e-03
2.559320690111303517e-03
2.290268678112468773e-03
2.058891149751152644e-03
1.857681291366144452e-03
1.681474478519476940e-03
1.526772970151472853e-03
1.390451792417864195e-03
1.269890712066008235e-03
1.162761293975324338e-03
1.067118908590456057e-03
9.813531906393072046e-04
9.043416107942834443e-04
8.349794733318041066e-04
7.725889186702294574e-04
7.164986860563102690e-04
6.661903949973727989e-04
6.212413477838900355e-04
5.812112052225342678e-04
5.456992314561524967e-04
5.143339917893448342e-04
4.868306698510300578e-04
4.627079710903450995e-04
4.417041030450696674e-04
4.234179015437206876e-04
4.073910330064220344e-04
3.932930171572795205e-04
3.807144907403954104e-04
3.693131914779288014e-04
3.588488565128694087e-04
3.491961706846141429e-04
3.402482509473232232e-04
3.318752688476360783e-04
3.239931356370143287e-04
3.165518715916406430e-04
3.095073079808901835e-04
3.028127400940390729e-04
2.964281992127504642e-04
2.903062108666382732e-04
2.844434892824489755e-04
2.788176644763622767e-04
2.734082746665277984e-04
2.682012571168146853e-04
2.631762349462263219e-04
2.583029518305208897e-04
2.535864784547077456e-04
2.490152039398282413e-04
2.445841662415818626e-04
2.402804205892640694e-04
2.360972426545942528e-04
2.320371725744162792e-04
2.280784041449231960e-04
2.242295378710096917e-04
2.204856863092117733e-04
2.168385234860209293e-04
2.132794394869171300e-04
2.098064864228869311e-04
2.064116202836833980e-04
2.030987562926517135e-04
1.998667004427005724e-04
1.967075716864408479e-04
1.936275205118731676e-04
1.906247139036136844e-04
1.876896090325043311e-04
1.848197913090177352e-04
1.820149072904556650e-04
1.792751934247673127e-04
1.766107061723323659e-04
1.740154855193382414e-04
1.714810473688062179e-04
1.690064095954868419e-04
1.666068273586118482e-04
1.642677206359879265e-04
1.619908005457295730e-04
1.597813404287019997e-04
1.576329294350321093e-04
1.555407704460417813e-04
1.535133942909332422e-04
1.515494051839142071e-04
1.496304880753143653e-04
1.477708914569414987e-04
1.459764309975746248e-04
1.442350788448325900e-04
1.425466386615401168e-04
1.409174160166128749e-04
1.393416424646535731e-04
1.378205458861706358e-04
1.363423070260206724e-04
1.349145887868633703e-04
1.335404620122098470e-04
1.322162159712804333e-04
1.309392355614016033e-04
1.297093587423228905e-04
1.285382084311565115e-04
1.274074664012575487e-04
1.263311743797818347e-04
1.253000157526849465e-04
1.243195102985569778e-04
1.233810311825246783e-04
1.224873600786229597e-04
1.216396313481596028e-04
1.208291604242197709e-04
1.200613798062475566e-04
1.193382677081125562e-04
1.186529466097627856e-04
1.179993847135625134e-04
1.173857235534740007e-04
1.168079717431790688e-04
1.162606348661620708e-04
1.157434289882296028e-04
1.152562135476766078e-04
1.147985889259063407e-04
1.143619812691782430e-04
1.139503455946365315e-04
1.135674753807547588e-04
1.132056923366346889e-04
1.128646572405654202e-04
1.125421274448263877e-04
1.122435549729682589e-04
1.119585116968421800e-04
1.116921640168303372e-04
1.114461245623610258e-04
1.112107085903443196e-04
1.109896769502096510e-04
1.107852530499109042e-04
1.105940334534244571e-04
1.104173541042874064e-04
1.102544472398817580e-04
1.100989821183483597e-04
1.099508019434249176e-04
1.098179301372141398e-04
1.096891354062155366e-04
1.095672218379449623e-04
1.094575222978521635e-04
1.093586706056809497e-04
1.092624977560200072e-04
1.091778718840976905e-04
1.090960036906286950e-04
1.090072980703330320e-04
1.089348451000561488e-04
1.088715552125436192e-04
1.088119391736953146e-04
1.087562790874774395e-04
1.087050136868156208e-04
1.086531996399544886e-04
1.085981836511529122e-04
1.085559899769488536e-04
1.085191451600817721e-04
1.084849349787932405e-04
1.084500031126788770e-04
1.084204296819783341e-04
1.083939270203705186e-04
1.083689899267771236e-04
1.083432398031278785e-04
1.083220715570588867e-04
1.083018034585497380e-04
1.082843578197226317e-04
1.082678113507483717e-04
1.082517500585504164e-04
1.082376921908710416e-04
1.082219017798055795e-04
1.082089879052733789e-04
1.081979339021982175e-04
1.081879056099704635e-04
1.081783954318196874e-04
1.081681534579817126e-04
1.081600140352652405e-04
1.081512546976144955e-04
1.081439350717105569e-04
1.081376439147003127e-04
1.081307543554026434e-04
1.081264367529718025e-04
1.081220595030241366e-04
1.081191246793834483e-04
1.081160707242917994e-04
1.081136384896808989e-04
1.081090634389731818e-04
1.081055181862351414e-04
1.081039886106077431e-04
1.081024989801432042e-04
1.080992985101350231e-04
1.080981764896197877e-04
1.080967801119346486e-04
1.080955659408423813e-04
1.080944058637319443e-04
1.080910537568090143e-04
1.080895626274187902e-04
1.080879087757181408e-04
1.080853397244705799e-04
1.080814906740455543e-04
1.080761103370197264e-04
1.080683502349099852e-04
1.080580122110605872e-04
1.080382382642568195e-04
1.080182562318803127e-04
