2.069002872305827916e-07
3.021124756489528647e-08
2.059357907481025475e-08
1.793004444374422909e-08
1.606012467170816444e-08
1.572019548403339479e-08
1.571832954962120474e-08
1.571505866285479545e-08
1.559335498963394138e-08
1.558268746277505193e-08
1.557939707107342377e-08
1.557625211380547165e-08
1.548129519486411127e-08
1.544014612698103996e-08
1.542611902454280298e-08
1.540272702928019986e-08
1.539590506927358094e-08
1.539022391037696200e-08
1.538385843912010931e-08
1.537822128850274521e-08
1.537233550659688749e-08
1.536207970007506113e-08
1.535949846456387092e-08
1.535529877766052524e-08
1.535104381927055245e-08
1.532951773089571774e-08
1.531756027688833451e-08
1.531456623153590270e-08
1.530720684555303727e-08
1.530601110357137556e-08
1.530184777850873407e-08
1.524748486779568314e-08
1.524409213268589496e-08
1.524087747981367586e-08
1.521811113385600785e-08
1.521551160180923116e-08
1.520945953770508928e-08
1.520541912038391976e-08
1.519896223809770613e-08
1.519516178684851651e-08
1.519134907480184246e-08
1.519160902474819415e-08
1.519005973382978110e-08
1.517111749505892931e-08
1.516770774754798442e-08
1.516654735459406837e-08
1.516552256339181005e-08
1.516343373263420329e-08
1.510803673145869991e-08
1.509638321328386688e-08
1.509096273971080274e-08
1.503210226591803760e-08
1.502430585120829758e-08
1.502272487641279089e-08
1.501961910019645954e-08
1.497410615749157186e-08
1.497115344083342827e-08
1.497148434885982771e-08
1.497039247003341901e-08
1.497010111680980411e-08
1.496418658936078058e-08
1.496123703181898147e-08
1.495832250489877128e-08
1.495751221640936483e-08
1.495200701250667579e-08
1.488700215581232793e-08
1.488352435544296677e-08
1.488209343541530334e-08
1.487953793460491547e-08
1.487844530041922568e-08
1.487695396219955996e-08
1.487205592178593759e-08
1.486596802743415172e-08
1.486587676445644547e-08
1.485961296993236137e-08
1.485470762418292541e-08
1.482056706056137022e-08
1.482060515802055484e-08
1.481965924054145217e-08
1.481495697194728143e-08
1.481512313361854926e-08
1.481442271670134426e-08
1.481230266918975997e-08
1.481159453766407968e-08
1.480905042524772114e-08
1.480559227586170284e-08
1.480522416975871146e-08
1.476169706361131685e-08
1.471695966088025723e-08
1.470983738078292030e-08
1.470490598998289552e-08
1.470217999586360165e-08
1.469896423827221589e-08
1.463050063633826276e-08
1.463011227981794321e-08
1.460112313258557657e-08
1.459707341930505399e-08
1.459020704470148063e-08
1.458346487388906947e-08
1.456388952962576490e-08
1.455398664698193794e-08
1.453809385047070897e-08
1.453681981626886938e-08
1.453245018324728503e-08
1.452445422492469134e-08
1.452228430125539439e-08
1.446695862138495295e-08
1.446248809303544114e-08
1.445639589845076617e-08
1.445009650762717734e-08
1.444633078213936767e-08
1.444581301445626571e-08
1.444396801928637100e-08
1.443960038138719108e-08
1.443802336987623193e-08
1.443650101657050414e-08
1.442826609024566521e-08
1.442409813043385623e-08
1.439419824996127724e-08
1.438851735318101387e-08
1.432439065014158126e-08
1.432247452693745744e-08
1.431855183250979133e-08
1.431325482203403748e-08
1.430913328043050359e-08
1.430619204398040157e-08
1.430605719647248751e-08
1.430640548283700425e-08
1.430618722038273546e-08
1.430342938414453617e-08
1.430380165785048404e-08
1.429265464887073892e-08
1.427953842129869764e-08
1.427433761149491643e-08
1.424917114385290310e-08
1.424662922786895499e-08
1.424621835667617466e-08
1.423409792767796958e-08
1.423381491895493886e-08
1.422165495340295810e-08
1.422231105540843503e-08
1.421754733146991430e-08
1.421269155117975284e-08
1.421114072732868509e-08
1.405441197106415209e-08
1.405115038005602976e-08
1.403544750694734437e-08
1.395906519808160312e-08
1.395535880362281793e-08
1.394490287331343186e-08
1.393496854136801572e-08
1.392722465751768960e-08
1.392664405469924392e-08
1.392534004106933359e-08
1.392136019600147184e-08
1.391165887476686490e-08
1.387002395490238812e-08
1.384295123711277135e-08
1.383461712149049295e-08
1.383512528051794083e-08
1.383278363172972784e-08
1.383122459012498421e-08
1.382826120793068712e-08
1.382385687498170825e-08
1.382067273584875874e-08
1.381808513870190222e-08
1.381634799818343480e-08
1.377421265363905430e-08
1.376408534491578063e-08
1.375806591366488079e-08
1.375312879098234215e-08
1.373236290017468733e-08
1.372074322194353508e-08
1.366042907622314397e-08
1.366029544971173610e-08
1.366054011369269259e-08
1.363143501397411907e-08
1.362572230895631781e-08
1.362078609310056888e-08
1.361123265102773796e-08
1.359738331304671020e-08
1.359768911126522773e-08
1.359233099831977930e-08
1.359105045002389504e-08
1.358902323377990314e-08
1.358067247707324752e-08
1.354957194719345123e-08
1.353468793925050080e-08
1.353518924253376526e-08
1.353707100946432778e-08
1.352613370677854271e-08
1.350429654411435757e-08
1.350675405182247241e-08
1.350478304187705693e-08
1.349317733201345545e-08
1.348656365243914483e-08
1.348797790987795858e-08
1.346449369423984761e-08
1.345047740771984800e-08
1.340353142457317188e-08
1.339882990875514111e-08
1.338886145323497565e-08
1.335068743733772634e-08
1.331209078373910106e-08
1.330650973713993522e-08
1.330405851381450353e-08
1.330977720682460718e-08
1.327622487312076579e-08
1.327234414804874812e-08
1.326368596562013839e-08
1.325867874806128632e-08
1.325368761218790623e-08
1.325727244601792360e-08
1.325728444483828681e-08
1.324303286457600559e-08
1.324473073300327130e-08
1.319555044101849207e-08
1.319120497734522334e-08
1.319810202883510212e-08
1.318589147686066121e-08
1.318014438741113257e-08
1.318102351045671595e-08
1.316336742504797008e-08
1.311143780340157811e-08
1.306554913551728381e-08
1.306404351120543792e-08
1.305267840119032402e-08
1.304102140268564632e-08
1.304623231242774459e-08
1.303800705915508161e-08
1.303234851090448122e-08
1.302187017236434975e-08
1.301897402169419854e-08
1.302224813216859452e-08
1.296883320309526349e-08
1.297218386120034660e-08
1.297665006372531637e-08
1.298874381366575240e-08
1.298682858071521779e-08
1.296702778474250984e-08
1.296331445355625640e-08
1.296052806092153561e-08
1.294790692936969911e-08
1.293705317713929616e-08
1.294501003938278132e-08
1.294879987398302544e-08
1.294994242381177201e-08
1.295073354456415603e-08
1.293660324397873930e-08
1.293434947205037355e-08
1.291957312589772841e-08
1.292161957641665822e-08
1.292224316280040533e-08
1.284910845953748058e-08
1.283524179375706586e-08
1.285105814701478283e-08
1.283739343359617292e-08
1.282445795307702167e-08
1.284572232398958161e-08
1.283675573012380954e-08
1.284384817738940539e-08
1.287079843981634557e-08
1.286735820799722389e-08
1.283409519384117866e-08
1.285252940540628528e-08
1.280552214391366762e-08
1.281966175964216699e-08
1.275078797548417295e-08
1.276521449753050294e-08
1.277690059542327645e-08
1.276071513736913099e-08
1.281797452270942432e-08
1.281139980202512650e-08
1.281027302017498599e-08
1.274721545862868157e-08
1.274996910272083867e-08
1.274250165345023765e-08
1.270152782049972285e-08
1.269474111282780350e-08
1.268648072738646739e-08
1.271923437431008120e-08
1.274037330224863770e-08
1.271527019725458934e-08
1.270468056527588536e-08
1.270070283379528972e-08
1.272578207766826846e-08
1.268859071493352725e-08
1.233725460417803963e-08
1.231912121001599578e-08
1.237316385724639281e-08
1.247521171261217883e-08
1.246584670133600888e-08
1.248056489913356106e-08
1.245305572819280373e-08
1.260134294796440689e-08
1.255210000683728067e-08
1.267615931055571464e-08
1.288302599864900922e-08
1.321547034206579583e-08
1.340944398814156562e-08
1.461405242999777228e-08
