3.713010740134079120e-04
2.539489142486684044e-04
1.810595932142323365e-04
1.320191926991820888e-04
9.724678012489515445e-05
7.138541614807722890e-05
5.170463194637874916e-05
3.666067802529736336e-05
2.525028763913033893e-05
1.677695701854616366e-05
1.073045008781598824e-05
6.685554242018983514e-06
4.175660344620017775e-06
2.650928644663971802e-06
1.760700820415640914e-06
1.258520512859354074e-06
9.670200742524537131e-07
8.054590293045746106e-07
7.050648553709756792e-07
6.397296443696678933e-07
5.971034429291655617e-07
5.646250287267975841e-07
5.417885744094636659e-07
5.212899538048458025e-07
5.056034543268904592e-07
4.945634537339043733e-07
4.798791530358577942e-07
4.698317769369032515e-07
4.600151768061067339e-07
4.540472729453178031e-07
4.480508564610969169e-07
4.400857832806622705e-07
4.341106268992597896e-07
4.297873100356000754e-07
4.269280960040263188e-07
4.213975669714263131e-07
4.166276041175346455e-07
4.121570846927984282e-07
4.084421848082339724e-07
4.031168328428827722e-07
3.990661953190848294e-07
3.969119279447787766e-07
3.964222758630854320e-07
3.941960609462741042e-07
3.924976977118539115e-07
3.909816961560625737e-07
3.828722964792141877e-07
3.799387098005834354e-07
3.753466517723668446e-07
3.717342589682492861e-07
3.704438550422213450e-07
3.699789973383311604e-07
3.678905620497814179e-07
3.655126713836869162e-07
3.638621644633216144e-07
3.615055780317663949e-07
3.600181910491578941e-07
3.581449082678043082e-07
3.564167888372756106e-07
3.547833181910091821e-07
3.536327816576469687e-07
3.516551665407263530e-07
3.499191894922057326e-07
3.467190984729688850e-07
3.423717490932434047e-07
3.396804615865180775e-07
3.388307120487184889e-07
3.336501362693187746e-07
3.312447940539132431e-07
3.300862698312290908e-07
3.276650258408446049e-07
3.240168148793317388e-07
3.206881359423066368e-07
3.178120416078069180e-07
3.171026906346450120e-07
3.158780472097629479e-07
3.140747937491148022e-07
3.105997607502525690e-07
3.091091921522505992e-07
3.066240505661109260e-07
3.046082113761953846e-07
3.025699426721907788e-07
3.012297077006505668e-07
2.994507831212922389e-07
2.984726266908471609e-07
2.971289844869991924e-07
2.949276431374167831e-07
2.928064471942140290e-07
2.923263350733496295e-07
2.915991107299590094e-07
2.926156498062387570e-07
2.924663563037359969e-07
2.921888137194748213e-07
2.937356962577732352e-07
2.968266486749823530e-07
2.955325338300965534e-07
3.000582419360344312e-07
3.046475025583161649e-07
3.180433591466025201e-07
3.222772519868764244e-07
3.654622596726744778e-07
