5.166908940170153539e-04
4.319372765013846358e-04
3.695518376237605265e-04
3.200333249824768053e-04
2.786500434254908748e-04
2.438156674078200456e-04
2.143355688878450485e-04
1.893492360608551141e-04
1.682410074506443672e-04
1.503295894145990138e-04
1.352124215795252014e-04
1.222201198661304546e-04
1.109316845719804276e-04
1.010212365757280362e-04
9.226819967335157487e-05
8.450234673894670308e-05
7.759071683563049406e-05
7.143393029432309452e-05
6.592036213759532113e-05
6.101326717106950875e-05
5.664456809528204729e-05
5.276042999684579766e-05
4.931110065252943182e-05
4.626778393720306504e-05
4.359812078934407423e-05
4.127517179679965982e-05
3.926645298972691233e-05
3.754324032414952685e-05
3.605574321346234379e-05
3.477611853130509217e-05
3.365682607777050335e-05
3.267463655762980123e-05
3.181125352260388833e-05
3.104409918240023112e-05
3.035691557785876341e-05
2.972643800274879926e-05
2.914272530570403291e-05
2.859648195520326038e-05
2.808177581323160045e-05
2.759242939809557793e-05
2.712501868629643584e-05
2.667475429759446349e-05
2.623866626553074486e-05
2.581384559024028596e-05
2.540102668834070526e-05
2.499958378237343749e-05
2.460749834098965614e-05
2.422368504594429574e-05
2.384805591849568365e-05
2.347894580743670100e-05
2.311856972929849930e-05
2.276456910606464647e-05
2.241457506590719531e-05
2.207164956092717744e-05
2.173260114936704555e-05
2.139883080885997895e-05
2.107014938425440345e-05
2.074447959375346054e-05
2.042421294634215239e-05
2.010605498195842597e-05
1.979286486043033155e-05
1.948378733546635096e-05
1.917908154968912799e-05
1.887745698081994092e-05
1.857953578866642050e-05
1.828455550399044947e-05
1.799277779112103966e-05
1.770411102292753072e-05
1.741881273377783492e-05
1.713703401819445245e-05
1.685781978912595833e-05
1.658274482834209463e-05
1.630895825388343600e-05
1.603888261394243364e-05
1.577207944874736950e-05
1.550755148469700240e-05
1.524613403620327502e-05
1.498707743259605489e-05
1.473126956788100927e-05
1.447821627343366201e-05
1.422886540597659597e-05
1.398050151094089944e-05
1.373605398176839643e-05
1.349387034586902699e-05
1.325504003483076938e-05
1.301788822951715161e-05
1.278443805880690533e-05
1.255189793213759432e-05
1.232165283141825366e-05
1.209497969350122683e-05
1.187164960339377505e-05
1.165091486882998202e-05
1.143317006671119058e-05
1.121677818877449303e-05
1.100375924491035498e-05
1.079336373376286277e-05
1.058493883447220406e-05
1.037925007175324748e-05
1.017577717900485049e-05
9.974756258780990764e-06
9.776413451474660207e-06
9.581424158104937257e-06
9.387922858914173917e-06
9.196990079665113462e-06
9.008177894935992647e-06
8.821695676665018007e-06
8.638333980139133598e-06
8.456545608513018746e-06
8.277774590799423887e-06
8.101098685005833121e-06
7.926496774869902615e-06
7.754653164725975410e-06
7.585249454712061485e-06
7.417821402804770102e-06
7.252908720074058548e-06
7.090258134090926946e-06
6.930139408074548805e-06
6.771930963778827416e-06
6.616039638357202959e-06
6.462756901091624001e-06
6.311757561487138780e-06
6.162921235938540410e-06
6.015926971759909654e-06
5.871666360402507501e-06
5.729568772824419674e-06
5.589899647808542642e-06
5.451801126439053708e-06
5.316153833448435073e-06
5.183117752588975464e-06
5.051804093927840721e-06
4.923227746453045944e-06
4.796291952294513101e-06
4.672154569697461939e-06
4.550224479915150952e-06
4.430094450783126146e-06
4.312522970824380639e-06
4.197193430419643323e-06
4.084256998757159451e-06
3.973648319490311798e-06
3.865436952839887037e-06
3.759248379828637289e-06
3.655131381035304513e-06
3.553323253674304611e-06
3.453742097846324184e-06
3.356652127455959599e-06
3.261894109523726160e-06
3.169491644384493741e-06
3.079521027646484400e-06
2.991511410158004001e-06
2.905703915037377334e-06
2.821935740817975569e-06
2.740185179982379664e-06
2.661261800874814530e-06
2.584413652332698612e-06
2.509478910130584752e-06
2.437062648503400531e-06
2.366987430313638396e-06
2.297771837551631538e-06
2.231720844800800161e-06
2.167994541959057112e-06
2.106329627063278508e-06
2.046531084082263321e-06
1.989051302301509740e-06
1.933633295055145417e-06
1.879808860200644890e-06
1.828745098124857176e-06
1.779011329067128364e-06
1.730567253563928813e-06
1.684513266918768568e-06
1.640517062467929440e-06
1.597907812912597688e-06
1.557419735435551141e-06
1.518884861228468513e-06
1.481888539443395898e-06
1.446050987823247615e-06
1.411805107483788770e-06
1.378935591261496732e-06
1.347385383986733063e-06
1.317571459836989688e-06
1.289231287402102178e-06
1.261295838450903420e-06
1.234502737770494493e-06
1.209431278679986378e-06
1.184252583866479003e-06
1.161403516132765486e-06
1.139127575051136651e-06
1.118217021917082529e-06
1.098641865498802759e-06
1.080197586973759640e-06
1.063221331848251852e-06
1.046446472281497282e-06
1.029984374295147731e-06
1.015697502252855548e-06
1.002244796943994490e-06
9.895628272868046804e-07
9.772446567056351265e-07
9.651933597977337614e-07
9.543985531971342808e-07
9.433832908182499116e-07
9.341399135700234489e-07
9.252188594329179696e-07
9.164312645847982573e-07
9.085695917392411103e-07
9.013516140565518233e-07
8.935536010788448349e-07
8.874391081096788598e-07
8.815125515397042471e-07
8.761336735326991600e-07
8.711899609979554993e-07
8.664788548405619721e-07
8.617006983550674609e-07
8.570242017937764121e-07
8.532481722722988383e-07
8.490804818977047624e-07
8.456558621223306038e-07
8.423344252239716152e-07
8.386267862733996572e-07
8.359882567479316642e-07
8.336590982866574681e-07
8.316266057788313988e-07
8.299029164483857610e-07
8.281838412256932046e-07
8.267108288617452297e-07
8.249933451657382372e-07
8.237197271047711290e-07
8.221772219654123646e-07
8.211640904580954713e-07
8.202416862819094190e-07
8.195236735894084638e-07
8.188729163297431662e-07
8.186403971331996247e-07
8.183516246447307023e-07
8.175635977819861060e-07
8.174663623990287102e-07
8.168720799377358882e-07
8.167553326908704825e-07
8.166406177463501647e-07
8.166315908281961768e-07
8.165678643160166037e-07
8.163397957543867735e-07
8.161323352683133458e-07
8.161006140250148013e-07
8.159433742890792121e-07
8.158620046784795498e-07
8.158043395063761510e-07
8.157615989457843035e-07
8.156452076662878214e-07
8.155923303197534498e-07
8.154812051727673755e-07
8.154272942725066666e-07
8.153528553229313497e-07
8.152443266497101724e-07
8.151575696547799445e-07
8.151033975998378966e-07
8.148301860665649686e-07
8.145500027022941861e-07
8.144071333651112498e-07
8.141000436980359487e-07
8.139634096125364242e-07
8.134467033628729639e-07
8.133357276788127469e-07
8.131242626096471131e-07
8.130787743123394538e-07
8.126452889701265489e-07
8.122612430605885360e-07
8.117405134828430810e-07
8.110707874098580331e-07
8.106647854281937641e-07
8.104620430752395729e-07
8.102767002262262681e-07
8.098276904716277641e-07
8.093407336837531375e-07
8.090680641465227201e-07
8.087350495750965808e-07
8.084207560755360407e-07
8.081106662143492926e-07
8.076265915206980542e-07
8.071751066340756168e-07
8.068050617956316927e-07
8.064334275013193543e-07
8.061870238312402780e-07
8.056935138355045592e-07
8.054443717749367503e-07
8.049427633987332664e-07
8.047027694875556437e-07
8.043822017402250545e-07
8.036138041467865902e-07
8.034765973723491549e-07
8.031902576340857013e-07
8.028460965996928603e-07
8.025601756766385131e-07
8.024260921922098060e-07
8.020767204008443195e-07
8.017078841786740802e-07
8.016854934788355436e-07
8.015888762398321568e-07
8.012296679554939197e-07
8.009590670408007273e-07
8.008113205433414661e-07
8.004738916407897949e-07
8.000444900619416048e-07
