8.229471650113440596e-06
3.867851675553315386e-04
7.653408634605515272e-04
1.143896559365771733e-03
1.522452255270992155e-03
1.901007951176212143e-03
2.279563647081432349e-03
2.658119342986652554e-03
3.036675038891872760e-03
3.415230734797092965e-03
3.793786430702312737e-03
4.172342126607532509e-03
4.550897822512753148e-03
4.929453518417973787e-03
5.308009214323194426e-03
5.686564910228414198e-03
6.065120606133634837e-03
6.443676302038854609e-03
6.822231997944075248e-03
7.200787693849278540e-03
7.579343389754463617e-03
7.957899085659646959e-03
8.336454781564832037e-03
8.715010477470015379e-03
9.093566173375200457e-03
9.472121869280385534e-03
9.850677565185568876e-03
1.022923326109075395e-02
1.060778895699593730e-02
1.098634465290112237e-02
1.136490034880630572e-02
1.174345604471149079e-02
1.212201174061667587e-02
1.250056743652186095e-02
1.287912313242704429e-02
1.325767882833222937e-02
1.363623452423741271e-02
1.401479022014259779e-02
1.439334591604784705e-02
1.477190161195310325e-02
1.515045730785836119e-02
1.552901300376361565e-02
1.590756869966887185e-02
1.628612439557412805e-02
1.666468009147938426e-02
1.704323578738464046e-02
1.742179148328989666e-02
1.780034717919515286e-02
1.817890287510040906e-02
1.855745857100566526e-02
1.893601426691092146e-02
1.931456996281617766e-02
1.969312565872143386e-02
2.007168135462669006e-02
2.045023705053194626e-02
2.082879274643720247e-02
2.120734844234245867e-02
2.158590413824771487e-02
2.196445983415297107e-02
2.234301553005822380e-02
2.272157122596348347e-02
2.310012692186873967e-02
2.347868261777399240e-02
2.385723831367925207e-02
2.423579400958450827e-02
2.461434970548976101e-02
2.499290540139501721e-02
2.537146109730027688e-02
2.575001679320553308e-02
2.612857248911078581e-02
2.650712818501604548e-02
2.688568388092130168e-02
2.726423957682655441e-02
2.764279527273181061e-02
2.802135096863707028e-02
2.839990666454221199e-02
2.877846236044732248e-02
2.915701805635243990e-02
2.953557375225755038e-02
2.991412944816266087e-02
3.029268514406777482e-02
3.067124083997288878e-02
3.104979653587800273e-02
3.142835223178311321e-02
3.180690792768822717e-02
3.218546362359334112e-02
3.256401931949844814e-02
3.294257501540356903e-02
3.332113071130867604e-02
3.369968640721379000e-02
3.407824210311890395e-02
3.445679779902401096e-02
3.483535349492913186e-02
3.521390919083423887e-02
3.559246488673935283e-02
3.597102058264446678e-02
3.634957627854957379e-02
3.672813197445469469e-02
3.710668767035980170e-02
3.748524336626491565e-02
3.786379906217002961e-02
3.824235475807513662e-02
3.862091045398025752e-02
3.899946614988536453e-02
3.937802184579047848e-02
3.975657754169559244e-02
4.013513323760069945e-02
4.051368893350582034e-02
4.089224462941092736e-02
4.127080032531604131e-02
4.164935602122115527e-02
4.202791171712626228e-02
4.240646741303138317e-02
4.278502310893649019e-02
4.316357880484160414e-02
4.354213450074671116e-02
4.392069019665183205e-02
4.429924589255694600e-02
4.467780158846205302e-02
4.505635728436716697e-02
4.543491298027227399e-02
4.581346867617739488e-02
4.619202437208250883e-02
4.657058006798761585e-02
4.694913576389272980e-02
4.732769145979783681e-02
4.770624715570295771e-02
4.808480285160807166e-02
4.846335854751317868e-02
4.884191424341829263e-02
4.922046993932339964e-02
4.959902563522852054e-02
4.997758133113363449e-02
5.035613702703874150e-02
5.073469272294385546e-02
5.111324841884896247e-02
5.149180411475408337e-02
5.187035981065919732e-02
5.224891550656430433e-02
5.262747120246941829e-02
5.300602689837452530e-02
5.338458259427964619e-02
5.376313829018476015e-02
5.414169398608986716e-02
5.452024968199498112e-02
5.489880537790008813e-02
5.527736107380520902e-02
5.565591676971032298e-02
5.603447246561542999e-02
5.641302816152055088e-02
5.679158385742566484e-02
5.717013955333077185e-02
5.754869524923588581e-02
5.792725094514100670e-02
5.830580664104611371e-02
5.868436233695122767e-02
5.906291803285633468e-02
5.944147372876144864e-02
5.982002942466656953e-02
6.019858512057167654e-02
6.057714081647679050e-02
6.095569651238189751e-02
6.133425220828701147e-02
6.171280790419213236e-02
6.209136360009723937e-02
6.246991929600235333e-02
6.284847499190746034e-02
6.322703068781257429e-02
6.360558638371768825e-02
6.398414207962280220e-02
6.436269777552791616e-02
6.474125347143303011e-02
6.511980916733814406e-02
6.549836486324325802e-02
6.587692055914837197e-02
6.625547625505347205e-02
6.663403195095858600e-02
6.701258764686369995e-02
6.739114334276881391e-02
6.776969903867392786e-02
6.814825473457904181e-02
6.852681043048415577e-02
6.890536612638926972e-02
6.928392182229438367e-02
6.966247751819949763e-02
7.004103321410461158e-02
7.041958891000971166e-02
7.079814460591482561e-02
7.117670030181993956e-02
7.155525599772505352e-02
7.193381169363016747e-02
7.231236738953528143e-02
7.269092308544039538e-02
7.306947878134550933e-02
7.344803447725062329e-02
7.382659017315573724e-02
7.420514586906083732e-02
7.458370156496595127e-02
7.496225726087107910e-02
7.534081295677617918e-02
7.571936865268129313e-02
7.609792434858640708e-02
7.647648004449152104e-02
7.685503574039663499e-02
7.723359143630174894e-02
7.761214713220686290e-02
7.799070282811196297e-02
7.836925852401707693e-02
7.874781421992220476e-02
7.912636991582730484e-02
7.950492561173241879e-02
7.988348130763753274e-02
8.026203700354264670e-02
8.064059269944776065e-02
8.101914839535287460e-02
8.139770409125798856e-02
8.177625978716308863e-02
8.215481548306820259e-02
8.253337117897331654e-02
8.291192687487843049e-02
8.329048257078354445e-02
8.366903826668865840e-02
8.404759396259377235e-02
8.442614965849887243e-02
8.480470535440400026e-02
8.518326105030911422e-02
8.556181674621422817e-02
8.594037244211934212e-02
8.631892813802445608e-02
8.669748383392955615e-02
8.707603952983467011e-02
8.745459522573978406e-02
8.783315092164489801e-02
8.821170661754999809e-02
8.859026231345511204e-02
8.896881800936022600e-02
8.934737370526535383e-02
8.972592940117046778e-02
9.010448509707558173e-02
9.048304079298068181e-02
9.085336701723568942e-02
