1.426413228229566829e-03
1.054835992312879497e-03
7.924734982127270688e-04
6.029711765792132713e-04
4.632225434753080013e-04
3.581600674154885016e-04
2.766696258093272686e-04
2.119892580983613877e-04
1.605788607379479639e-04
1.197722129588961004e-04
8.797840884505641929e-05
6.380655540628239926e-05
4.578965246208833648e-05
3.247872502574374325e-05
2.297146058798846507e-05
1.619295128476649166e-05
1.127713070654269337e-05
7.922265461107517610e-06
5.615372390175938547e-06
4.015621013926466880e-06
2.934037238660262149e-06
2.093537246603514952e-06
1.507142921034667883e-06
1.112672134898389490e-06
8.551628091998113280e-07
6.917808063113201075e-07
5.848493788816152573e-07
5.142500762097557981e-07
4.582149345486874848e-07
4.311772609176255073e-07
4.166324068390182009e-07
4.035425174316712278e-07
3.860927895316277263e-07
3.835078855153715075e-07
3.807161684103478707e-07
3.768140698555120521e-07
3.766673716664262956e-07
3.736404928106250234e-07
3.725829614104933017e-07
3.718096112899435176e-07
3.712476640987005031e-07
3.703690488599649051e-07
3.690780115650220143e-07
3.688307589879497404e-07
3.684005264233908933e-07
3.684547786464129438e-07
3.675400586530560690e-07
3.580676947270902519e-07
3.572964701804544497e-07
3.569966669201997159e-07
3.566508043236869826e-07
3.544392146848280407e-07
3.541299179111281143e-07
3.506533467759142026e-07
3.465031711227944201e-07
3.457542322654336375e-07
3.448829367270661999e-07
3.444867380986931643e-07
3.444974095757296366e-07
3.445101869604762739e-07
3.435077405903454800e-07
3.425174035051198679e-07
3.420629420247985425e-07
3.415823417027284841e-07
3.385853208752514067e-07
3.325750377239121295e-07
3.316187536730609334e-07
3.308204876226233867e-07
3.303489477273535266e-07
3.301767704020275045e-07
3.297691401037383201e-07
3.295794166117470101e-07
3.293902041431711325e-07
3.292758682583636183e-07
3.291313480916781372e-07
3.290778425940325038e-07
3.289386902019801864e-07
3.283993046585331423e-07
3.283174393933115355e-07
3.280810498733259125e-07
3.281507222342132478e-07
3.278867925939066963e-07
3.276408284136514252e-07
3.269744089652276844e-07
3.269158773741333322e-07
3.268328911146838414e-07
3.267696459060795510e-07
3.263544767427979113e-07
3.253745453774344178e-07
3.244926659932845098e-07
3.244515046073681246e-07
3.242080864307552781e-07
3.237597464833752469e-07
3.235065616922579871e-07
3.234675829477377937e-07
3.231349902349084461e-07
3.231507072959318205e-07
3.230198992010482406e-07
3.165489418798032049e-07
3.156804273888582071e-07
3.153663269027386094e-07
3.146042755070724300e-07
3.144274606283023470e-07
3.141164725246459309e-07
3.141792537573424433e-07
3.132691291838936212e-07
3.132276388845032640e-07
3.117887979404480205e-07
3.111562382059718902e-07
3.106488578059428251e-07
3.062211131262898720e-07
3.047458869973874675e-07
3.033749030813014985e-07
3.032876247005457673e-07
3.025760466871173128e-07
3.005204855480352992e-07
3.001825885173639090e-07
2.995397225146259760e-07
2.986768281091398840e-07
2.986154582583594993e-07
2.986755089524744499e-07
2.984684126562410078e-07
2.981077024228238018e-07
2.973178988776004768e-07
2.973594795490761113e-07
2.971058471187737272e-07
2.947559858693471511e-07
2.940555738939059596e-07
2.856890036665615092e-07
2.855846550376942815e-07
2.852937758444625377e-07
2.852713338400387621e-07
2.847386168631992092e-07
2.845538288448628551e-07
2.849992203209106616e-07
2.837818054642004193e-07
2.796998859227434549e-07
2.785713801327093789e-07
2.777613220852755696e-07
2.730653951438284383e-07
2.728136799232176553e-07
2.713408145823919897e-07
2.711054884523351167e-07
2.700797859737242555e-07
2.687167012078028947e-07
2.674194028951908960e-07
2.675589708046584474e-07
2.662788981775953853e-07
2.663757829863800637e-07
2.649589278269440624e-07
2.642274750622438754e-07
2.564857898296535386e-07
2.531591383842097194e-07
2.506791904200374896e-07
2.482842261652342384e-07
2.474863572028603887e-07
2.448876676761624453e-07
2.439047257895925670e-07
2.426182616637466935e-07
2.430599743004015771e-07
2.424671724208413700e-07
2.395624644099173600e-07
2.393001639746464425e-07
2.394621125603130752e-07
2.397133505597977713e-07
2.377577148738263186e-07
2.366052889391810322e-07
2.361827092179928439e-07
2.354105325235980080e-07
2.357695202410445122e-07
2.334080617839248676e-07
2.326542177501944560e-07
2.310038512511621142e-07
2.300345196743707175e-07
2.285473887367892993e-07
2.260728974633373047e-07
2.252461089168187200e-07
2.243456746084380047e-07
2.195408488310108937e-07
2.192017575485844071e-07
2.153778768607626746e-07
2.146809711183491796e-07
2.129011187585371548e-07
2.121610310921148294e-07
2.125312807530088182e-07
2.107809051538132285e-07
2.095972881601215796e-07
2.053555368610022546e-07
2.047778261598115456e-07
2.042580766062565390e-07
2.038378118320228927e-07
2.013543920624196150e-07
2.006153943149432875e-07
2.003554412536562001e-07
1.993788409074424670e-07
1.985493832995813124e-07
1.984678312203128956e-07
1.947620105356288715e-07
1.956530578168866013e-07
1.936526421267592668e-07
1.938129209352610810e-07
1.937764512486669785e-07
1.914181670952644696e-07
1.909721214142405231e-07
1.902285291700762626e-07
1.872950376321403039e-07
1.860685912258616485e-07
1.825612026483672797e-07
1.807644702071574988e-07
1.811328747079946902e-07
1.792870109989646837e-07
1.793880369020374565e-07
1.769096065275400480e-07
1.757369669594541673e-07
1.767632911004115500e-07
1.774199554840744113e-07
1.738412810927246586e-07
1.734766360095967662e-07
1.725645443259673922e-07
1.729360448380550416e-07
1.719911616251214288e-07
1.686197570464867323e-07
1.691959751795470731e-07
1.692549724430321857e-07
1.684020698092014518e-07
1.675490809477374746e-07
1.659549382547796419e-07
1.678347645467374646e-07
1.645039583594996376e-07
1.644153986912536303e-07
1.641584376235254936e-07
1.641201976131460175e-07
1.637941967858710146e-07
1.637059140903089349e-07
1.642669372136517600e-07
1.631773507435562575e-07
1.640695183059183744e-07
1.627923189694819442e-07
1.637055520665809584e-07
1.689472398698832268e-07
1.665097916403763995e-07
1.691256051144844950e-07
1.670449097832191646e-07
1.647070069863734296e-07
1.654035619253030390e-07
1.667775565553876884e-07
1.673687209293959013e-07
1.690658452153501927e-07
1.705507362201176297e-07
1.696082451945535496e-07
1.728056359465319407e-07
1.725849398308943726e-07
1.687527659693016737e-07
1.696659484843872014e-07
1.758420882535311709e-07
1.759480095198260135e-07
1.754498396889714089e-07
1.812543462126731390e-07
1.855806334765592300e-07
1.885240972196908682e-07
1.903469754630897924e-07
1.862540573006107916e-07
1.855105337016465175e-07
1.870009726179345687e-07
1.874230467259368074e-07
1.801900529906026802e-07
1.897021979654039886e-07
1.886970799477529808e-07
1.927334643191652687e-07
1.944412732921560083e-07
1.982762256757754489e-07
1.924882829173333600e-07
1.926813688346954771e-07
2.168207234865765752e-07
2.323642489834185942e-07
2.215979718479835539e-07
2.437229723487128193e-07
