7.856276374774999807e-03
6.779868406254651973e-03
6.080340843882786617e-03
5.523901469832349573e-03
5.060426786433840605e-03
4.672612464396389866e-03
4.329260934201863142e-03
4.019154895802271379e-03
3.741446833647288188e-03
3.490589936546648064e-03
3.263429221816032105e-03
3.054381024515391563e-03
2.863516601019419107e-03
2.690575510052212443e-03
2.531539229842566605e-03
2.386281556985817790e-03
2.253327695368059855e-03
2.130660632948099681e-03
2.016598458768048378e-03
1.909824541824850464e-03
1.811124908678954891e-03
1.720109799378731876e-03
1.635197766815021979e-03
1.556249874574132733e-03
1.482279179873024870e-03
1.413016115477862093e-03
1.348688951897995987e-03
1.288336731701213676e-03
1.232256013214625941e-03
1.180306489222441094e-03
1.131623855768382593e-03
1.086144148169284175e-03
1.043040525213833865e-03
1.002838905015405102e-03
9.651697840747412108e-04
9.300980502875567501e-04
8.973498578266160325e-04
8.666852338744631583e-04
8.376859453573574053e-04
8.105651385262513040e-04
7.852118526465468604e-04
7.614892446101612956e-04
7.391279637312874948e-04
7.184956763298189567e-04
6.983613717468390315e-04
6.793019213313674200e-04
6.618378595585601518e-04
6.452739566314173378e-04
6.299156777838131127e-04
6.139995418901464169e-04
6.003111377855836891e-04
5.874949644479979553e-04
5.739410878655000449e-04
5.625197502855138788e-04
5.518628835294086751e-04
5.416793634874056363e-04
5.318502493103912862e-04
5.224047878086188722e-04
5.138275599980402474e-04
5.054233989564600607e-04
4.970839857707735465e-04
4.886379382637933647e-04
4.810970964598277472e-04
4.741359370978810500e-04
4.675957182799367882e-04
4.614161812749950978e-04
4.555535533876164727e-04
4.498116555796587493e-04
4.441818695727164402e-04
4.388692635567951377e-04
4.338544576015878717e-04
4.290556622963451715e-04
4.244264063937615706e-04
4.197575136037960892e-04
4.152533183450184541e-04
4.110331232816716480e-04
4.069485293491462976e-04
4.028349596002503072e-04
3.988992664160868136e-04
3.950865255174445070e-04
3.913720498926543181e-04
3.878133843612160676e-04
3.843089235495468232e-04
3.809007613349315018e-04
3.775906935150475491e-04
3.742832328162192055e-04
3.706748896069123143e-04
3.674995934375963448e-04
3.644315274835224858e-04
3.614473812115772625e-04
3.585708782080876899e-04
3.557012618968686006e-04
3.529199118741166755e-04
3.502359699413857370e-04
3.474522583097730327e-04
3.448356534353690063e-04
3.422477344856648929e-04
3.397455110429269641e-04
3.372699389279268487e-04
3.348048661964146320e-04
3.323610739970735356e-04
3.299425496073658099e-04
3.275920173262896308e-04
3.251240881130479854e-04
3.228112121323054788e-04
3.205169727855491273e-04
3.182794043832581411e-04
3.161337418281267761e-04
3.139675868142363202e-04
3.118144889916527182e-04
3.097182938953060459e-04
3.075828212188249137e-04
3.055147736872267008e-04
3.034699171645506913e-04
3.014775765776628118e-04
2.994874123891189750e-04
2.975318640706889903e-04
2.956032197517769649e-04
2.936854150499222920e-04
2.917330874789797013e-04
2.897379109781632735e-04
2.878548754497676772e-04
2.859965360410103032e-04
2.841448006984304735e-04
2.823389586430884472e-04
2.805536857663355451e-04
2.787783294814242738e-04
2.768793430132287180e-04
2.751704710461022260e-04
2.734553247963801971e-04
2.717857346850226447e-04
2.701027942045427718e-04
2.684183619680955563e-04
2.667679580435413115e-04
2.651459372561980506e-04
2.635264688442146832e-04
2.618909577216715283e-04
2.603049451984583407e-04
2.587361302899282849e-04
2.571989170336271349e-04
2.556542004621187086e-04
2.539930107114298364e-04
2.524531655105469760e-04
2.508974318563737208e-04
2.493718313155176398e-04
2.478802078610765685e-04
2.464230346158737071e-04
2.449825742744223748e-04
2.435542977652082079e-04
2.421072681375188121e-04
2.407003779271349496e-04
2.393017662536218375e-04
2.379039344609540124e-04
2.365292001220610377e-04
2.351113833873929649e-04
2.337405630470883319e-04
2.323882531117944480e-04
2.310147585743913521e-04
2.296934607388029562e-04
2.283865431364846452e-04
2.270927648860221416e-04
2.257895169311567639e-04
2.244937895826369916e-04
2.232225288936525321e-04
2.217505980843241682e-04
2.204857135981730387e-04
2.192217337397138379e-04
2.179990478172973199e-04
2.167738872828326487e-04
2.155366534279642748e-04
2.143083199911022957e-04
2.131065204697495628e-04
2.119065791245220332e-04
2.107399662103041915e-04
2.095913818019716501e-04
2.084333819467747465e-04
2.072883033500628406e-04
2.061591476667538544e-04
2.049915830012946367e-04
2.037171255238954377e-04
2.026005075940491952e-04
2.015105276391477738e-04
2.003789064465976029e-04
1.992946965412355307e-04
1.981274352518698468e-04
1.970414647834192300e-04
1.959561024417628690e-04
1.949102769035672574e-04
1.938523122733103188e-04
1.927829885065292475e-04
1.917487122230100011e-04
1.906452882793830870e-04
1.896213088313494972e-04
1.886189077246113398e-04
1.876169616626485075e-04
1.866243774612299502e-04
1.856322708607693883e-04
1.846286695980355692e-04
1.836669370174548921e-04
1.826877015934412561e-04
1.817335320152813332e-04
1.807835656783929421e-04
1.798499021378042572e-04
1.784557046900624318e-04
1.774118663451652975e-04
1.764365689512795382e-04
1.755114212405891434e-04
1.746107080102716233e-04
1.737161241325499981e-04
1.728311941146986523e-04
1.718815987163740619e-04
1.709965823589273308e-04
1.701235931286857849e-04
1.692624715596666878e-04
1.683829818404001491e-04
1.675410258402157643e-04
1.667065439267211274e-04
1.658633142032976920e-04
1.650279016943328515e-04
1.642026384988067619e-04
1.633935074150260247e-04
1.625627125244774010e-04
1.617602347252280743e-04
1.609131542532059073e-04
1.601241693429511070e-04
1.593216065124620541e-04
1.582782608175819735e-04
1.574910691785744632e-04
1.567269208172959380e-04
1.559678421624871461e-04
1.552102906406294558e-04
1.544621212164501390e-04
1.537284382369589857e-04
1.529915935340985509e-04
1.522723517614724164e-04
1.515474586987949890e-04
1.507021977752040184e-04
1.498741723669251580e-04
1.491627129258656060e-04
1.484613649836561051e-04
1.477687969086358404e-04
1.470827505208408817e-04
1.463979147249863362e-04
1.457267953755581882e-04
1.449368205901291546e-04
1.442727210795270113e-04
1.435010871263344475e-04
1.428494507290704548e-04
1.421878321618052566e-04
1.415401693202921927e-04
1.408895776695458777e-04
1.402496275440828658e-04
1.396253805152820903e-04
1.390122242262273918e-04
1.383142466676050470e-04
1.377046400639145166e-04
1.371029951986896007e-04
1.365068339999849281e-04
1.359149054910638841e-04
1.353283339399960060e-04
1.347548401673260145e-04
1.341839096301556896e-04
1.336209390464234228e-04
1.330697915419830368e-04
1.324433633779496843e-04
1.318872124348406530e-04
1.313447409724400163e-04
1.307843495468719161e-04
1.302470749513004846e-04
1.297167609154177678e-04
1.291982307743399778e-04
1.284369170223965235e-04
1.279052733649980263e-04
1.273845488027088425e-04
1.268794168887027473e-04
1.261063521989305714e-04
1.252059836977513258e-04
1.246722229637049414e-04
1.241761192598262559e-04
1.236311836018388064e-04
1.230674393700521472e-04
1.225864333584799281e-04
1.220871399881942392e-04
1.216151027619938947e-04
1.211488946945198726e-04
1.206680669589230159e-04
1.201997197608245960e-04
1.197508285447870569e-04
1.193022535510214097e-04
1.188631574192351893e-04
1.184140271904188702e-04
1.179795407583123044e-04
1.174578349320537762e-04
1.170301361302781613e-04
1.166207438932602148e-04
1.162156525278701819e-04
1.157892981100479984e-04
1.152537729777778573e-04
1.147715865211375010e-04
1.143679397915837851e-04
1.139147968028855339e-04
1.135090549805378636e-04
1.129969989330971837e-04
1.126250097046771660e-04
1.122104826708223893e-04
1.118177473580704123e-04
1.114290484123892029e-04
1.110669098208063915e-04
1.107098734118622436e-04
1.103550513472278981e-04
1.099930492209022449e-04
1.096420651175572796e-04
1.092768396431048427e-04
1.089345027447178563e-04
1.086000669372560144e-04
1.082734765919865635e-04
1.079495189491681221e-04
1.076347696018409479e-04
1.072907385060824432e-04
1.069778224937118670e-04
1.066501856308033893e-04
1.062376340630385708e-04
1.059268040086055307e-04
1.055882005428422264e-04
1.052762018105293335e-04
1.049885943815490980e-04
1.044741142377462458e-04
1.041787750964314868e-04
1.038908660853714126e-04
1.036168527850692101e-04
1.033353150642198569e-04
1.030062375813712254e-04
1.026334449020336215e-04
1.023502244581131010e-04
1.020786490134207723e-04
1.018187954394505742e-04
1.015666010701307979e-04
1.012957533658048238e-04
1.010527741577791629e-04
1.008066524498722294e-04
1.005396486478662347e-04
1.002997289563994167e-04
1.000560751472507053e-04
9.982745900024287528e-05
9.958815461258314894e-05
9.926725814007241128e-05
9.893949736643610450e-05
9.871433922547947039e-05
9.848475129935015311e-05
9.827306394620947852e-05
9.792013821075783175e-05
9.771107996132646000e-05
9.741829747292261843e-05
9.721350135512964532e-05
9.701724090231155016e-05
9.682199940406995876e-05
9.655228187797822723e-05
9.625278963493386877e-05
9.605865690175705105e-05
9.584572025355157180e-05
9.565350614274238325e-05
9.544224673161464366e-05
9.513831509987469618e-05
9.495332643696231074e-05
9.468693194069168536e-05
9.449486089236815579e-05
9.433179626022956108e-05
9.416320010883076391e-05
9.400746547785115200e-05
9.384397301559417896e-05
9.366519460309258392e-05
9.349942279522577098e-05
9.331184579051821754e-05
9.315016203465151213e-05
9.299904962443248800e-05
9.285819590617422868e-05
9.271662442640718526e-05
9.258343877903253498e-05
9.241837040807955627e-05
9.225137194653159321e-05
9.209634962270259531e-05
9.196019229043405762e-05
9.178949154654490706e-05
9.166539657827633264e-05
9.153338970191490906e-05
9.139560374485294143e-05
9.124885649873911092e-05
9.112192504983517754e-05
9.097359753346966906e-05
9.078347261160116873e-05
9.061488524781955768e-05
9.049285216003215488e-05
9.037626645016719066e-05
9.022929633518939844e-05
9.005315390359094831e-05
8.991512089096971561e-05
8.980036361567737715e-05
8.961898265432632568e-05
8.950046685176261832e-05
8.934220201942526273e-05
8.922456990472864529e-05
8.905391371834594225e-05
8.894266286881259101e-05
8.885064431711698534e-05
8.870649199497260870e-05
8.862082214126700008e-05
8.846352627776502963e-05
8.836768687091676848e-05
8.827745997429267233e-05
8.818966097983933544e-05
8.810696383476713839e-05
8.800954519605510792e-05
8.793872622848614476e-05
8.786061244031554579e-05
8.778674212857665287e-05
8.771706570996416318e-05
8.763737880348300782e-05
8.756316971081103920e-05
8.747582425637998591e-05
8.738638823063045740e-05
8.730729344232424148e-05
8.724385089488328505e-05
8.712780475687198934e-05
8.703751243534291117e-05
8.697326826056603235e-05
8.691741952376613072e-05
8.685550068552242819e-05
8.680728922941655090e-05
8.674621284457685578e-05
8.668452543863106670e-05
8.662117941578059547e-05
8.657188663724774700e-05
8.651382105561545395e-05
8.639890485225952142e-05
8.631719607119533837e-05
8.625359010790544108e-05
8.614224547966991955e-05
8.609962264788132368e-05
8.604701871982413711e-05
8.600194771778954571e-05
8.596816155212106043e-05
8.592611981407861118e-05
8.586538355359596680e-05
8.577539500502990362e-05
8.571234842575444369e-05
8.568117199962005381e-05
8.564991370670543619e-05
8.558334367796039570e-05
8.555699454653980097e-05
8.552414125484570045e-05
8.549158550593817887e-05
8.546121774910706243e-05
8.543175584717602915e-05
8.540284612431474386e-05
8.538016244964253632e-05
8.534623826214408329e-05
8.532371474533115405e-05
8.527835493816725569e-05
8.525301501724962894e-05
8.520199247174392067e-05
8.516227781444071852e-05
8.513241272175265891e-05
8.509858487593937801e-05
8.507923894225861462e-05
8.505403787782139249e-05
8.500193202335673461e-05
8.496625280872925883e-05
8.494758430864023482e-05
8.492578967302753389e-05
8.490863350079147823e-05
8.489077302211976727e-05
8.487032805300978448e-05
8.485469263329912875e-05
8.482904148724138731e-05
8.481510059344155614e-05
8.479305728306826221e-05
8.476170521707710121e-05
8.473431091964330863e-05
8.469342547487847088e-05
8.466678451651704911e-05
8.465355667486401908e-05
8.462845462629360529e-05
8.461240186479244236e-05
8.460251295111244048e-05
8.455539800664757023e-05
8.451381242244451275e-05
8.444611961562590056e-05
8.442548125107942529e-05
8.441330867233951245e-05
8.440509664667104244e-05
8.438585346826380732e-05
8.436967348012331866e-05
8.435692676538751242e-05
8.431935215822524614e-05
8.430350992741298050e-05
8.428525862645062884e-05
8.427335789764303804e-05
8.425295750729057008e-05
8.424431923820591334e-05
8.422140343850527855e-05
8.416427754632576838e-05
8.412421612553304796e-05
8.411197652619773575e-05
8.409949525658297277e-05
8.408839950816249882e-05
8.408195898677581009e-05
8.405954599819853333e-05
8.404287360068099120e-05
8.403392447919606333e-05
8.402006720927662189e-05
8.401237998286766170e-05
8.399781611635201786e-05
8.398864406674863353e-05
8.397474686122236866e-05
8.396556848077753430e-05
8.396111920462282126e-05
8.395578777224219232e-05
8.394435999705370031e-05
8.392660832676201998e-05
8.390436314767970780e-05
8.389920567143313579e-05
8.389141225524727389e-05
8.388979856591112028e-05
8.388536476392174555e-05
8.387436182819138150e-05
8.387086052742597701e-05
8.386770865619058843e-05
8.386434526858529688e-05
8.385614323378501279e-05
8.383884725011689929e-05
8.382709615313728695e-05
8.382291214039755368e-05
8.381781553287015853e-05
8.381564521503898589e-05
8.381180500514190650e-05
8.380933466116637011e-05
8.380726837706212954e-05
8.379346964104925099e-05
8.378976318309931150e-05
8.378710326876047539e-05
8.378466223541267577e-05
8.378191216967172204e-05
8.378142016909655360e-05
8.377704772151411256e-05
8.376350987312297474e-05
8.367949997779063759e-05
8.363345374018660826e-05
8.360125573552524636e-05
8.358474596231882999e-05
8.357972693539716567e-05
8.357434235509874796e-05
8.355866890241533853e-05
8.355754661894323760e-05
8.355699386193659423e-05
8.355420522833120289e-05
8.355198368330394763e-05
8.355112447918295650e-05
8.354594657243232133e-05
8.353927522240739238e-05
8.353184644050542487e-05
8.351870164213188248e-05
8.350986373511879053e-05
8.348225634512839051e-05
8.345209344242630900e-05
8.344461406055268685e-05
8.343857877258215711e-05
8.343089391936906146e-05
8.338564287143607309e-05
8.336839406687938014e-05
8.335913878063856458e-05
8.334860570744125063e-05
8.332583566213885851e-05
8.331646488650267933e-05
8.328931271035161304e-05
8.327063368280628161e-05
8.325206935343583111e-05
8.323930081754827355e-05
8.320430645663778814e-05
8.318555658609364466e-05
8.318113829963510596e-05
8.308129856415249950e-05
8.305855864574927881e-05
8.303639666214924890e-05
8.302560767718442265e-05
8.301222473478885413e-05
8.301586591523106985e-05
8.297004729866753266e-05
8.289597644814839655e-05
8.288707413139687042e-05
8.287231200770031777e-05
8.286689702433784122e-05
8.285259509717463500e-05
8.283408472731015599e-05
8.281581422738829772e-05
8.278245362765470760e-05
8.277463577738214731e-05
8.275568827236022378e-05
8.275160557472952992e-05
8.273792013433927718e-05
8.276679199129197942e-05
8.274612486755344130e-05
8.270997142261050743e-05
8.264920056617890045e-05
8.265817509324713220e-05
8.266657887926705587e-05
8.264467352942358937e-05
8.265474104903777861e-05
8.260711836270620957e-05
8.250779134031422811e-05
8.242154375700742723e-05
8.225300836826539058e-05
8.223866346477836362e-05
8.220729305306848675e-05
8.234429267865194034e-05
8.235862141831395522e-05
8.248965760366888189e-05
8.252963569394721139e-05
8.265760614965807316e-05
8.336419075489076168e-05
8.392990521760345995e-05
8.499610561497696645e-05
