1.083881631966160310e-04
3.360033059095098289e-03
6.611677954993571034e-03
9.863322850892064161e-03
1.311496774679055989e-02
1.636661264268905736e-02
1.961825753858755308e-02
2.286990243448604881e-02
2.612154733038454454e-02
2.937319222628303680e-02
3.262483712218153253e-02
3.587648201808003173e-02
3.912812691397853093e-02
4.237977180987702319e-02
4.563141670577552239e-02
4.888306160167401465e-02
5.213470649757251385e-02
5.538635139347100611e-02
5.863799628936949143e-02
6.188964118526799063e-02
6.514128608116649677e-02
6.839293097706498903e-02
7.164457587296348129e-02
7.489622076886198743e-02
7.814786566476047969e-02
8.139951056065897195e-02
8.465115545655746421e-02
8.790280035245595647e-02
9.115444524835444873e-02
9.440609014425295487e-02
9.765773504015144713e-02
1.009093799360499394e-01
1.041610248319484594e-01
1.074126697278469517e-01
1.106643146237454439e-01
1.139159595196437696e-01
1.171676044155418872e-01
1.204192493114400186e-01
1.236708942073381362e-01
1.269225391032362538e-01
1.301741839991343852e-01
1.334258288950325166e-01
1.366774737909306203e-01
1.399291186868287518e-01
1.431807635827268554e-01
1.464324084786249869e-01
1.496840533745231183e-01
1.529356982704212220e-01
1.561873431663193534e-01
1.594389880622174849e-01
1.625822447949189786e-01
