7.709839470088250893e-03
4.392635644526971493e-03
3.082516473360426799e-03
2.317128091968080183e-03
1.772893838090439491e-03
1.379320228383346808e-03
1.086933415550361045e-03
8.681114443024181768e-04
7.011586223543884132e-04
5.770994371078892434e-04
4.884194810647841728e-04
4.281137303837199070e-04
3.876751924158256543e-04
3.596580484193643342e-04
3.364878396111978471e-04
3.175104875741401479e-04
3.012450152452866479e-04
2.876283728277781492e-04
2.756009967536827694e-04
2.659526600084654874e-04
2.573225568053506742e-04
2.499435976236783299e-04
2.436718828229311512e-04
2.380556817608362450e-04
2.333837198262843110e-04
2.294675098233986031e-04
2.264244624565759083e-04
2.239437336154705030e-04
2.219896384496547622e-04
2.206882395309934272e-04
2.194284625221156327e-04
2.186085210490776548e-04
2.180749273747410863e-04
2.176556152789899232e-04
2.173373362172494180e-04
2.170069179639421667e-04
2.168732398567569557e-04
2.167342828327429053e-04
2.166094313086248144e-04
2.165712679243946763e-04
2.165106041600533648e-04
2.164837189755697072e-04
2.163745012384640093e-04
2.162753369940639326e-04
2.161481653840048220e-04
2.159165569825318440e-04
2.158180570280554002e-04
2.157517234446561249e-04
2.157113733731367655e-04
2.160780468116112825e-04
2.166050565846936132e-04
