1.645894330022688119e-05
7.735703351106630772e-04
1.530681726921103054e-03
2.287793118731543465e-03
3.044904510541984310e-03
3.802015902352424287e-03
4.559127294162864698e-03
5.316238685973305109e-03
6.073350077783745520e-03
6.830461469594185930e-03
7.587572861404625474e-03
8.344684253215065017e-03
9.101795645025506296e-03
9.858907036835947574e-03
1.061601842864638885e-02
1.137312982045682840e-02
1.213024121226726967e-02
1.288735260407770922e-02
1.364446399588815050e-02
1.440157538769855708e-02
1.515868677950892723e-02
1.591579817131929392e-02
1.667290956312966407e-02
1.743002095494003076e-02
1.818713234675040091e-02
1.894424373856077107e-02
1.970135513037113775e-02
2.045846652218150791e-02
2.121557791399187459e-02
2.197268930580224475e-02
2.272980069761261143e-02
2.348691208942298159e-02
2.424402348123335174e-02
2.500113487304372190e-02
2.575824626485408858e-02
2.651535765666445874e-02
2.727246904847482542e-02
2.802958044028519558e-02
2.878669183209569410e-02
2.954380322390620650e-02
3.030091461571672237e-02
3.105802600752723130e-02
3.181513739933774371e-02
3.257224879114825611e-02
3.332936018295876851e-02
3.408647157476928091e-02
3.484358296657979331e-02
3.560069435839030572e-02
3.635780575020081812e-02
3.711491714201133052e-02
3.787202853382184292e-02
3.862913992563235532e-02
3.938625131744286773e-02
4.014336270925338013e-02
4.090047410106389253e-02
4.165758549287440493e-02
4.241469688468491733e-02
4.317180827649542973e-02
4.392891966830594214e-02
4.468603106011644760e-02
4.544314245192696694e-02
4.620025384373747934e-02
4.695736523554798481e-02
4.771447662735850415e-02
4.847158801916901655e-02
4.922869941097952201e-02
4.998581080279003441e-02
5.074292219460055375e-02
5.150003358641106616e-02
5.225714497822157162e-02
5.301425637003209096e-02
5.377136776184260336e-02
5.452847915365310882e-02
5.528559054546362123e-02
5.604270193727414057e-02
5.679981332908442399e-02
5.755692472089464495e-02
5.831403611270487980e-02
5.907114750451510077e-02
5.982825889632532174e-02
6.058537028813554964e-02
6.134248167994577755e-02
6.209959307175600546e-02
6.285670446356622643e-02
6.361381585537645433e-02
6.437092724718668224e-02
6.512803863899689627e-02
6.588515003080713806e-02
6.664226142261735208e-02
6.739937281442757999e-02
6.815648420623780790e-02
6.891359559804802193e-02
6.967070698985826371e-02
7.042781838166847774e-02
7.118492977347870565e-02
7.194204116528893356e-02
7.269915255709914759e-02
7.345626394890938937e-02
7.421337534071960340e-02
7.497048673252983131e-02
7.572759812434005922e-02
7.648470951615027325e-02
7.724182090796051503e-02
7.799893229977072906e-02
7.875604369158095697e-02
7.951315508339118487e-02
8.027026647520139890e-02
8.102737786701164069e-02
8.178448925882185472e-02
8.254160065063208263e-02
8.329871204244231053e-02
8.405582343425252456e-02
8.481293482606276635e-02
8.557004621787298038e-02
8.632715760968320828e-02
8.708426900149342231e-02
8.784138039330366410e-02
8.859849178511389201e-02
8.935560317692410603e-02
9.011271456873433394e-02
9.086982596054454797e-02
9.162693735235478976e-02
9.238404874416501766e-02
9.314116013597523169e-02
9.389827152778545960e-02
9.465538291959567363e-02
9.541249431140591541e-02
9.616960570321614332e-02
9.692671709502635735e-02
9.768382848683658526e-02
9.844093987864679929e-02
9.919805127045704107e-02
9.995516266226726898e-02
1.007122740540774830e-01
1.014693854458877109e-01
1.022264968376979249e-01
1.029836082295081667e-01
1.037407196213183946e-01
1.044978310131286087e-01
1.052549424049388366e-01
1.060120537967490506e-01
1.067691651885592924e-01
1.075262765803695203e-01
1.082833879721797343e-01
1.090404993639899622e-01
1.097976107558001763e-01
1.105547221476104180e-01
1.113118335394206460e-01
1.120689449312308600e-01
1.128260563230411018e-01
1.135831677148513297e-01
1.143402791066615437e-01
1.150973904984717716e-01
1.158545018902820134e-01
1.166116132820922274e-01
1.173687246739024553e-01
1.181258360657126694e-01
1.188829474575228973e-01
1.196400588493331391e-01
1.203971702411433531e-01
1.211542816329535810e-01
1.219113930247637950e-01
1.226685044165740229e-01
1.234256158083842647e-01
1.241827272001944787e-01
1.249398385920047067e-01
1.256969499838149207e-01
1.264540613756251486e-01
1.272111727674353765e-01
1.279682841592456044e-01
1.287253955510558323e-01
1.294825069428660602e-01
1.302396183346762881e-01
1.309967297264865160e-01
1.317538411182967439e-01
1.325109525101069441e-01
1.332680639019171720e-01
1.340251752937273999e-01
1.347822866855376278e-01
1.355393980773478557e-01
1.362965094691580836e-01
1.370536208609683115e-01
1.378107322527785394e-01
1.385678436445887673e-01
1.393249550363989953e-01
1.400820664282092232e-01
1.408391778200194233e-01
1.415962892118296512e-01
1.423534006036398791e-01
1.431105119954501070e-01
1.438676233872603349e-01
1.446247347790705629e-01
1.453818461708807908e-01
1.461389575626910187e-01
1.468960689545012466e-01
1.476531803463114745e-01
1.484102917381216746e-01
1.491674031299319025e-01
1.499245145217421582e-01
1.506816259135523584e-01
1.514387373053625863e-01
1.521958486971728142e-01
1.529529600889830421e-01
1.537100714807932700e-01
1.544671828726034979e-01
1.552242942644137258e-01
1.559814056562239259e-01
1.567385170480341539e-01
1.574956284398444095e-01
1.582527398316546097e-01
1.590098512234648376e-01
1.597669626152750655e-01
1.605240740070852934e-01
1.612811853988955213e-01
1.620382967907057492e-01
1.627954081825159771e-01
1.635525195743261773e-01
1.643096309661364052e-01
1.650667423579466331e-01
1.658238537497568610e-01
1.665809651415670889e-01
1.673380765333773168e-01
1.680951879251875447e-01
1.688522993169977449e-01
1.696094107088080005e-01
1.703665221006182284e-01
1.711236334924284563e-01
1.718807448842386842e-01
1.726378562760489122e-01
1.733949676678591123e-01
1.741520790596693402e-01
1.749091904514795681e-01
1.756663018432897960e-01
1.764234132350999962e-01
1.771805246269102241e-01
1.779376360187204520e-01
1.786947474105307077e-01
1.794518588023409356e-01
1.802089701941511635e-01
1.809660815859613636e-01
1.817067340344713788e-01
