1.435852082547714155e-03
1.312888713241388379e-03
1.210801855185970281e-03
1.119831892317090828e-03
1.039680918992952558e-03
9.671297187671032934e-04
9.009166351052042996e-04
8.411723605454144359e-04
7.864896281376598580e-04
7.358153632607949404e-04
6.882845805326230030e-04
6.437330840771337756e-04
6.020697254785281616e-04
5.632977912685790175e-04
5.269555183613094549e-04
4.929741026581127778e-04
4.611256885180645029e-04
4.314244200826883291e-04
4.035105761352641074e-04
3.772353897316168408e-04
3.523636983424069196e-04
3.288601058827408810e-04
3.066817842453371280e-04
2.857383874995514427e-04
2.659953871634314587e-04
2.473041920394471725e-04
2.296991800691197553e-04
2.131385028248533738e-04
1.975234713128616083e-04
1.828370934556950713e-04
1.690671119616602791e-04
1.561212314695273340e-04
1.439428435751899924e-04
1.324689936207012401e-04
1.217057545273682935e-04
1.116211387167925090e-04
1.021650415565352669e-04
9.330777716728575963e-05
8.502464692801288664e-05
7.724249982795418920e-05
7.000106160049142747e-05
6.329183795362630139e-05
5.707172170798603986e-05
5.134201386592980468e-05
4.610813795217703871e-05
4.129861990928532532e-05
3.690072300694789974e-05
3.289849824582975567e-05
2.928373908073213206e-05
2.604313648050638841e-05
2.313609622005693980e-05
2.057424013741082083e-05
1.833359706345717940e-05
1.638953631447429501e-05
1.465965242348299207e-05
1.316471340148706951e-05
1.182801223725806755e-05
1.061793239312468717e-05
9.544545893554576383e-06
8.585915500984321038e-06
7.737953874449864742e-06
6.969208738779940582e-06
6.280446743720803740e-06
5.676403358163397829e-06
5.128553215507978070e-06
4.647353047602279603e-06
4.214378079887795179e-06
3.837733845547797773e-06
3.499266995123718822e-06
3.197664570265198725e-06
2.934530442412003729e-06
2.698477626451143748e-06
2.494979413618954933e-06
2.319295905192665099e-06
2.164878461186046892e-06
2.023829366634759728e-06
1.894817235101810605e-06
1.777830950525836132e-06
1.676609300927052181e-06
1.584211527123513712e-06
1.497937878983840690e-06
1.425491501546206582e-06
1.347209515627956656e-06
1.285889527342173213e-06
1.231068189899492523e-06
1.177370560153015953e-06
1.132229358742314815e-06
1.087936780568607294e-06
1.044931751908683419e-06
1.006431399057698917e-06
9.722169863728990340e-07
9.435879478651059419e-07
9.166731679715224539e-07
8.883872876501140742e-07
8.665965932192704862e-07
8.457085560572884614e-07
8.286915798112883171e-07
8.091371823434098146e-07
7.905012811368751038e-07
7.746950712611454282e-07
7.613089713120292084e-07
7.505435967436258060e-07
7.416477737467281480e-07
7.324666881448452248e-07
7.248184956541081651e-07
7.201754708481839188e-07
7.123190723155011221e-07
7.073683541515325783e-07
7.013474005753521672e-07
7.000576557938572778e-07
6.967415498109206354e-07
6.911197254538451424e-07
6.827727130048281539e-07
6.824488573097348648e-07
6.814177915354525166e-07
6.811645467928603920e-07
6.810753887706522875e-07
6.785995341984653835e-07
6.775414992781948976e-07
6.744177584621951677e-07
6.737941032794092839e-07
6.706718291796661439e-07
6.699954791093277623e-07
6.690297179073460161e-07
6.682613861972784483e-07
6.677855236187696234e-07
6.665886068279935137e-07
6.638340736764224465e-07
6.630507766175132838e-07
6.628015109650344876e-07
6.627511115950708562e-07
6.626809638493530777e-07
6.621921121320243394e-07
6.607211199803062088e-07
6.602040962008390072e-07
6.593061246990403707e-07
6.570018664320526726e-07
6.560264808001001967e-07
6.557144439783278286e-07
6.554645890808129697e-07
6.531561001762690860e-07
6.526127922971256403e-07
6.514528926378983244e-07
6.512203758197914291e-07
6.485512429250374549e-07
6.482342337436768003e-07
6.473726704558992878e-07
6.435287753858849663e-07
6.435088428390798948e-07
6.429214698445715465e-07
6.412595350848381518e-07
6.411170322741679881e-07
6.406626909991522672e-07
6.405751575824220159e-07
6.403681277526799799e-07
6.403265055151462129e-07
6.399756501058091194e-07
6.396606385143864163e-07
6.362347047075532403e-07
6.362257735338390667e-07
6.345284060334644118e-07
6.340287600456374160e-07
6.336151982355403046e-07
6.332803082532647264e-07
6.330646998505003606e-07
6.329314542550830959e-07
6.328096928696987095e-07
6.326242379534359823e-07
6.322929827696002891e-07
6.309298808036439365e-07
6.307435522028605421e-07
6.272509623971363777e-07
6.269800683322063238e-07
6.256357455794666273e-07
6.250955688829992061e-07
6.237375491368660205e-07
6.235376159070576337e-07
6.221172836585961271e-07
6.212308410606215573e-07
6.191493046027284739e-07
6.185921749133675720e-07
6.178134186214447889e-07
6.161270275709981586e-07
6.159509053067197429e-07
6.156923718107498154e-07
6.139351404545204765e-07
6.139062107909604636e-07
6.130950440656790663e-07
6.123735128323485770e-07
6.112226694274970358e-07
6.099809740726271455e-07
6.076964478440179842e-07
6.056761025838204262e-07
6.053782451355766477e-07
6.025583131576943856e-07
6.018427406855535617e-07
6.002890435968495438e-07
5.988618151693101037e-07
5.969546242442431151e-07
5.956754841886166357e-07
5.950436921292143588e-07
5.928925745629357976e-07
5.923761928608786189e-07
5.911421701569842374e-07
5.900842638218384348e-07
5.891724389512878574e-07
5.884422699531818116e-07
5.895526641420560649e-07
5.893988780472044877e-07
5.883761712373796191e-07
5.858244997683410476e-07
5.855535014373573559e-07
5.825431523888238828e-07
5.811228436232992475e-07
5.787802759274555395e-07
5.773312162066789104e-07
5.769545212412297191e-07
5.767812785782592131e-07
5.771465405118072692e-07
5.765820892477611071e-07
5.772277881501900167e-07
5.775227943816857215e-07
5.783715840724231026e-07
5.781289827833874366e-07
5.783761333936715553e-07
5.780065500247670889e-07
5.770878051778284988e-07
5.773851467469033613e-07
5.774669362912374539e-07
5.797257479760509358e-07
5.811606771939282112e-07
5.818766627863609644e-07
5.836925714564103263e-07
5.867502744189211853e-07
5.892857651450364404e-07
5.909157117015578503e-07
5.968110702972597266e-07
6.040101214835360990e-07
6.092476179832871610e-07
6.206362954615909067e-07
6.795999231965057767e-07
