2.495123924027788445e-03
1.862195838152921716e-03
1.517467718682521905e-03
1.264698456167209989e-03
1.065247267385365220e-03
9.012499478130004110e-04
7.638212696505122367e-04
6.467272751057164632e-04
5.457951006015236001e-04
4.594469909824555652e-04
3.848731992705457425e-04
3.202511620407028168e-04
2.650594975133769020e-04
2.177661915446731501e-04
1.777344993508100804e-04
1.444193303784182137e-04
1.169074474483913377e-04
9.446315570064227319e-05
7.688181782197520500e-05
6.348829515970246461e-05
5.340752950623455945e-05
4.621281341417183132e-05
4.129328623020098491e-05
3.766720099781277139e-05
3.517702371777738145e-05
3.331676451671658024e-05
3.209515550653490549e-05
3.112395850538339444e-05
3.016922622967230624e-05
2.956436071107657146e-05
2.912098591694190031e-05
2.878911406662125905e-05
2.852757526016896770e-05
2.829529255789370526e-05
2.808045146388464007e-05
2.788961817745914940e-05
2.770809253304278513e-05
2.755031226174415381e-05
2.740724635359642115e-05
2.727276912971303926e-05
2.714507442012051278e-05
2.702860683755495735e-05
2.691636611393761943e-05
2.681811805840509267e-05
2.672325940217583760e-05
2.663672845100035347e-05
2.652905514662856235e-05
2.645190619330778877e-05
2.637758240200465952e-05
2.631641891163267753e-05
2.626172782297686275e-05
2.619428375985135380e-05
2.614349564879164627e-05
2.610546571988623451e-05
2.607215818343473505e-05
2.603994412721552415e-05
2.601246559455780920e-05
2.597965854060618803e-05
2.596136047269920698e-05
2.593444028142035041e-05
2.592350890698269880e-05
2.591331315326510977e-05
2.590557313110325229e-05
2.590168941032799406e-05
2.589881935107875004e-05
2.589680438924977954e-05
2.589529869191281911e-05
2.589385659526389539e-05
2.589371575489986252e-05
2.589357041325817297e-05
2.589339858337907495e-05
2.589328952142068687e-05
2.589295637591929072e-05
2.589272694789456579e-05
2.589254310497584669e-05
2.589234950839956986e-05
2.589224484054186229e-05
2.589216951864301469e-05
2.589210626780619559e-05
2.589201042718184553e-05
2.589192101864120228e-05
2.589187771753523565e-05
2.589180982543960372e-05
2.589173202496210398e-05
2.589160324054853716e-05
2.589153093930112348e-05
2.589127372180265990e-05
2.589113237833187819e-05
2.589098133311628735e-05
2.589092808816783532e-05
2.589077533555287570e-05
2.589073708032813969e-05
2.589060413481291011e-05
2.589042603655496700e-05
2.589035697683442582e-05
2.589025923832047815e-05
2.589005593535633704e-05
2.589003156399490173e-05
2.588998856004512514e-05
2.588983747875038953e-05
2.588970880240757787e-05
2.588964363507501181e-05
2.588940346792885190e-05
2.588931756789691844e-05
2.588919241314068003e-05
2.588899810854333874e-05
2.588887100443104899e-05
2.588877926072803153e-05
2.588860540829468013e-05
2.588839268761060532e-05
2.588824378665891367e-05
2.588823254691273291e-05
2.588814186040776268e-05
2.588803445203909160e-05
2.588778027330421828e-05
2.588740468244080816e-05
2.588736724825660047e-05
2.588722442107962835e-05
2.588705430160454182e-05
2.588673645266176179e-05
2.588663224756311367e-05
2.588648974465594771e-05
2.588631622254115961e-05
2.588599031300469332e-05
2.588564903534319749e-05
2.588550143201323814e-05
2.588535005246886411e-05
2.588518971883881092e-05
2.588495452329497734e-05
2.588476813445183590e-05
2.588426353627328708e-05
2.588400112974281573e-05
2.588392718390277077e-05
2.588351917763287086e-05
2.588318417250484897e-05
2.588301823406665732e-05
2.588272758281040371e-05
2.588251134979384133e-05
2.588235569024241038e-05
2.588206451440697026e-05
2.588189742138935243e-05
2.588169719114978123e-05
2.588128211863394021e-05
2.588100988153463174e-05
2.588074556603117731e-05
2.588043121355137360e-05
2.588011266760430727e-05
2.587989932959206308e-05
2.587981785516767444e-05
2.587968024446837668e-05
2.587933386080043272e-05
2.587889839051418455e-05
2.587813863710603573e-05
2.587795401496058330e-05
2.587747623257172200e-05
2.586838073169242321e-05
2.586792353221721095e-05
2.586746549527718981e-05
2.586714551545913008e-05
2.586667846719943047e-05
2.586627849610771880e-05
2.586559955738000792e-05
2.586507681425254020e-05
2.586470575805222786e-05
2.586400971297269337e-05
2.586322033831267868e-05
2.586266259340989522e-05
2.586101638115278722e-05
2.585553041576971910e-05
2.585340956630173247e-05
2.585138550062130022e-05
2.584904415710971719e-05
2.584849979036470043e-05
2.584753883542082018e-05
2.584697052998301579e-05
2.584633129569147524e-05
2.584583707236373263e-05
2.584533546122480879e-05
2.584472126274635833e-05
2.584412253065225244e-05
2.584359289273380607e-05
2.584297165477522873e-05
2.584228805448872019e-05
2.584132570803118596e-05
2.584042151160244346e-05
2.583964734325010449e-05
2.583862026650576239e-05
2.583770106787449601e-05
2.583629204342161267e-05
2.583518401967311521e-05
2.583395327969823969e-05
2.583370058908193435e-05
2.583265591132932881e-05
2.583169325147656670e-05
2.583092871260305893e-05
2.582966665016524612e-05
2.582863980959006117e-05
2.582785706230424997e-05
2.582658989442603064e-05
2.582576504993209441e-05
2.582492715716078126e-05
2.582363917094070629e-05
2.582267036429655531e-05
2.582164377864339989e-05
2.582017311248712739e-05
2.581912978021344625e-05
2.581794591807151212e-05
2.581642194131636398e-05
2.581566871236193550e-05
2.581431394789772553e-05
2.581284729615818853e-05
2.581170932467451189e-05
2.581049316913345231e-05
2.580943227464018892e-05
2.580751481648535262e-05
2.580573503084596348e-05
2.580455725548792134e-05
2.580209978128294182e-05
2.580068782495436561e-05
2.579944813540048021e-05
2.579793407189312295e-05
2.579670527301956967e-05
2.579168553968894448e-05
2.578969524283081826e-05
2.578815857505232465e-05
2.578616766418777379e-05
2.578488439649356521e-05
2.578169669608934491e-05
2.578007793611497656e-05
2.576257753300222449e-05
2.576109598847374382e-05
2.575908845482772678e-05
2.575745317762306660e-05
2.575527471088413689e-05
2.575213376655352183e-05
2.575033069802711431e-05
2.574780839314920702e-05
2.574556748500365848e-05
2.574211472339073178e-05
2.574020938815740436e-05
2.573751811262773624e-05
2.573537740270216839e-05
2.573260752086572027e-05
2.573052262277555403e-05
2.572814256908623128e-05
2.572677834185269451e-05
2.572389722931317212e-05
2.572090946171389970e-05
2.571834966408137409e-05
2.571470044886243664e-05
2.571171938095131819e-05
2.570965393919246323e-05
2.570640038074448961e-05
2.570287650885607155e-05
2.569965130451416186e-05
2.569589151911185086e-05
2.569217336895693061e-05
2.569007752192063162e-05
2.568688840111852048e-05
2.568379151806847286e-05
2.567968725076462435e-05
2.567669398620813986e-05
2.567439543075193648e-05
2.565683848219321603e-05
2.565170234015118860e-05
2.563091744550757196e-05
2.562681326308188982e-05
2.562443893221916472e-05
2.562089103688531278e-05
2.561551015778047236e-05
2.560893037530464250e-05
2.560430373169434075e-05
2.559891547301440670e-05
2.559375678460475739e-05
2.558943694165784159e-05
2.558397284901644202e-05
2.557867639044008497e-05
2.555962406311066039e-05
2.555710791185802750e-05
2.555240970667718990e-05
2.554702861771408889e-05
2.553992790300335270e-05
2.553567337171383893e-05
2.552157796841423920e-05
2.551616745455198560e-05
2.550572264133193345e-05
2.549698043336293547e-05
2.549017884385627400e-05
2.548332634104967273e-05
2.547831863111724461e-05
2.547103016428695221e-05
2.546523148342198049e-05
2.545991879125670778e-05
2.545512922023491457e-05
2.544867859311628378e-05
2.544509782774856152e-05
2.544114473367792260e-05
2.543787953526733460e-05
2.543135905454591618e-05
2.542459098254761036e-05
2.541710595826042615e-05
2.540963020577282098e-05
2.540191348338735128e-05
2.539365166780981493e-05
2.538716764021169570e-05
2.537269118403879959e-05
2.536058700815173685e-05
2.534983480264376768e-05
2.533952791039544415e-05
2.532873766442594036e-05
2.531393453337059705e-05
2.530287401416180150e-05
2.529181464170366235e-05
2.528330163682133337e-05
2.527160490435791251e-05
2.526321263758636343e-05
2.525130817280814689e-05
2.523655508675978754e-05
2.522535528560687987e-05
2.521046683119287780e-05
2.519606987931917954e-05
2.518651058871441474e-05
2.517378796235598552e-05
2.515793914284797150e-05
2.515033369864159659e-05
2.514290441784311172e-05
2.513147139779462974e-05
2.511374116462231895e-05
2.508340979981448139e-05
2.506224746750895316e-05
2.505229227223785507e-05
2.501417794692634697e-05
2.500107071228060155e-05
2.498897801188883309e-05
2.494387209124938919e-05
2.491873992360582596e-05
2.489856714898298066e-05
2.486744367716124126e-05
2.483767035308577791e-05
2.481432322697256485e-05
2.479081564015054472e-05
2.477597648015657304e-05
2.476463880354993897e-05
2.474785327371890572e-05
2.471683466352911045e-05
2.469376640072391913e-05
2.467030754358334553e-05
2.464678045491405835e-05
2.461010476316709470e-05
2.457818877443349425e-05
2.454767992242359043e-05
2.451954743314011624e-05
2.448848188685291726e-05
2.443167917996841041e-05
2.439363688988478604e-05
2.433619740175217312e-05
2.432108341653945997e-05
2.429729856656614195e-05
2.422320520941197158e-05
2.410716937800219876e-05
2.404916083961712025e-05
2.395242837173037120e-05
2.387111409749814159e-05
2.383002324698118047e-05
2.380123069992007233e-05
2.374072607990773538e-05
2.370735622585910839e-05
2.363656583640251529e-05
2.359294527017426939e-05
2.350623003295802563e-05
2.338167273633446228e-05
2.329963591876945376e-05
2.319070416487740841e-05
2.316079227964609627e-05
2.311265421063855816e-05
2.304718155567024221e-05
2.299270232420883646e-05
2.295421132025855421e-05
2.282390704430922447e-05
2.268135095525361636e-05
2.248648914235956928e-05
2.241973236721853623e-05
2.235837451772433333e-05
2.226695446411102187e-05
2.210740508499242922e-05
2.205222318479500458e-05
2.210329998960321838e-05
2.203535734699304537e-05
2.203035325062410960e-05
2.216011829317748389e-05
2.234130237856480901e-05
2.287049340735958935e-05
2.356576015376056734e-05
2.459059911870900645e-05
2.597833065077110402e-05
2.770192058609555525e-05
3.054720863886447647e-05
3.386030882773511107e-05
3.906773081944203561e-05
4.692623645728799899e-05
5.605886782787873639e-05
