4.014376414689482536e-06
3.893945122248802337e-04
7.747746480350671148e-04
1.160154783845260230e-03
1.545534919655455622e-03
1.930915055465642774e-03
2.316295191275819735e-03
2.701675327085996912e-03
3.087055462896173656e-03
3.472435598706350400e-03
3.857815734516560971e-03
4.243195870326775011e-03
4.628576006136989919e-03
5.013956141947203959e-03
5.399336277757418000e-03
5.784716413567632907e-03
6.170096549377846948e-03
6.555476685188060988e-03
6.940856820998275029e-03
7.326236956808489069e-03
7.711617092618703109e-03
8.096997228428918017e-03
8.482377364239131190e-03
8.867757500049346098e-03
9.253137635859561005e-03
9.638517771669774178e-03
1.002389790747998909e-02
1.040927804329020399e-02
1.079465817910041890e-02
1.118003831491063207e-02
1.156541845072084698e-02
1.195079858653106189e-02
1.233617872234127506e-02
1.272155885815148997e-02
1.310693899396170314e-02
1.349231912977191805e-02
1.387769926558213296e-02
1.426307940139234613e-02
1.464845953720255931e-02
1.503383967301277421e-02
1.541921980882298739e-02
1.580459994463320403e-02
1.618998008044341894e-02
1.657536021625363037e-02
1.696074035206384528e-02
1.734612048787406019e-02
1.773150062368427510e-02
1.811688075949449001e-02
1.850226089530470144e-02
1.888764103111491635e-02
1.927302116692513126e-02
1.965840130273534617e-02
2.004378143854556107e-02
2.042916157435577251e-02
2.081454171016599089e-02
2.119992184597620580e-02
2.158530198178641724e-02
2.197068211759662867e-02
2.235606225340684705e-02
2.274144238921706196e-02
2.312682252502727340e-02
2.351220266083749177e-02
2.389758279664770321e-02
2.428296293245791812e-02
2.466834306826813650e-02
2.505372320407834794e-02
2.543910333988855937e-02
2.582448347569877428e-02
2.620986361150899266e-02
2.659524374731920410e-02
2.698062388312941554e-02
2.736600401893963391e-02
2.775138415474984882e-02
2.813676429056006026e-02
2.852214442637027864e-02
2.890752456218049007e-02
2.929290469799070498e-02
2.967828483380091642e-02
3.006366496961113480e-02
3.044904510542134624e-02
3.083442524123156114e-02
3.121980537704177605e-02
3.160518551285199096e-02
3.199056564866220587e-02
3.237594578447242077e-02
3.276132592028263568e-02
3.314670605609284365e-02
3.353208619190305856e-02
3.391746632771328041e-02
3.430284646352348837e-02
3.468822659933370328e-02
3.507360673514391819e-02
3.545898687095413310e-02
3.584436700676434800e-02
3.622974714257456291e-02
3.661512727838477782e-02
3.700050741419499273e-02
3.738588755000520764e-02
3.777126768581542254e-02
3.815664782162563051e-02
3.854202795743584542e-02
3.892740809324606727e-02
3.931278822905627524e-02
3.969816836486649014e-02
4.008354850067670505e-02
4.046892863648691996e-02
4.085430877229713487e-02
4.123968890810734977e-02
4.162506904391756468e-02
4.201044917972777959e-02
4.239582931553798756e-02
4.278120945134820940e-02
4.316658958715842431e-02
4.355196972296863228e-02
4.393734985877885413e-02
4.432272999458906210e-02
4.470811013039927700e-02
4.509349026620949191e-02
4.547887040201969988e-02
4.586425053782992173e-02
4.624963067364013664e-02
4.663501080945034460e-02
4.702039094526056645e-02
4.740577108107078136e-02
4.779115121688098933e-02
4.817653135269120424e-02
4.856191148850142608e-02
4.894729162431163405e-02
4.933267176012184896e-02
4.971805189593207081e-02
5.010343203174227877e-02
5.048881216755249368e-02
5.087419230336270859e-02
5.125957243917291656e-02
5.164495257498313840e-02
5.203033271079335331e-02
5.241571284660356128e-02
5.280109298241378313e-02
5.318647311822399110e-02
5.357185325403420600e-02
5.395723338984442091e-02
5.434261352565462888e-02
5.472799366146485073e-02
5.511337379727506564e-02
5.549875393308527360e-02
5.588413406889549545e-02
5.626951420470562709e-02
5.665489434051524525e-02
5.704027447632485648e-02
5.742565461213446770e-02
5.781103474794409280e-02
5.819641488375370403e-02
5.858179501956332219e-02
5.896717515537293341e-02
5.935255529118254464e-02
5.973793542699216280e-02
6.012331556280177403e-02
6.050869569861139913e-02
6.089407583442101035e-02
6.127945597023062158e-02
6.166483610604023974e-02
6.205021624184985096e-02
6.243559637765947606e-02
6.282097651346908729e-02
6.320635664927869157e-02
6.359173678508832361e-02
6.397711692089792790e-02
6.436249705670754606e-02
6.474787719251716422e-02
6.513325732832676851e-02
6.551863746413638667e-02
6.590401759994600484e-02
6.628939773575562300e-02
6.667477787156524116e-02
6.706015800737484545e-02
6.744553814318446361e-02
6.783091827899408177e-02
6.821629841480369993e-02
6.860167855061331810e-02
6.898705868642292238e-02
6.937243882223254055e-02
6.975781895804215871e-02
7.014319909385177687e-02
7.052857922966139503e-02
7.091395936547099932e-02
7.129933950128061748e-02
7.168471963709023564e-02
7.207009977289985381e-02
7.245547990870945809e-02
7.284086004451907626e-02
7.322624018032869442e-02
7.361162031613831258e-02
7.399700045194793074e-02
7.438238058775753503e-02
7.476776072356715319e-02
7.515314085937677135e-02
7.553852099518638952e-02
7.592390113099600768e-02
7.630928126680561197e-02
7.669466140261523013e-02
7.708004153842484829e-02
7.746542167423445258e-02
7.785080181004408462e-02
7.823618194585368890e-02
7.862156208166330706e-02
7.900694221747292523e-02
7.939232235328252951e-02
7.977770248909216155e-02
8.016308262490176584e-02
8.054846276071138400e-02
8.093384289652100216e-02
8.131922303233060645e-02
8.170460316814023849e-02
8.208998330394984277e-02
8.247536343975946094e-02
8.286074357556907910e-02
8.324612371137868339e-02
8.363150384718830155e-02
8.401688398299791971e-02
8.440226411880753787e-02
8.478764425461715604e-02
8.517302439042676032e-02
8.555840452623637848e-02
8.594378466204599665e-02
8.632916479785560093e-02
8.671454493366521910e-02
8.709992506947485114e-02
8.748530520528445542e-02
8.787068534109407358e-02
8.825606547690367787e-02
8.864144561271329603e-02
8.902682574852292807e-02
8.941220588433253236e-02
8.979758602014215052e-02
9.018296615595175481e-02
9.056834629176137297e-02
9.095372642757100501e-02
9.133910656338060929e-02
9.172448669919022746e-02
9.210986683499983174e-02
9.249524697080944990e-02
9.288062710661908195e-02
9.326600724242868623e-02
9.365138737823830439e-02
9.403676751404790868e-02
9.442214764985754072e-02
9.480752778566714500e-02
9.519290792147676317e-02
9.557828805728636745e-02
9.596366819309598561e-02
9.634904832890561766e-02
9.673442846471522194e-02
9.711980860052484010e-02
9.750518873633444439e-02
9.789056887214406255e-02
9.827594900795369459e-02
9.866132914376329888e-02
9.904670927957291704e-02
9.943208941538252132e-02
9.981746955119213949e-02
1.002028496870017715e-01
1.005882298228113758e-01
1.009736099586209940e-01
1.013589900944305983e-01
1.017443702302402164e-01
1.021297503660498485e-01
1.025151305018594527e-01
1.029005106376690709e-01
1.032858907734786752e-01
1.036712709092882934e-01
1.040566510450979115e-01
1.044420311809075297e-01
1.048274113167171478e-01
1.052127914525267521e-01
1.055981715883363703e-01
1.059835517241459885e-01
1.063689318599556066e-01
1.067543119957652109e-01
1.071396921315748291e-01
1.075250722673844334e-01
1.079104524031940654e-01
1.082958325390036836e-01
1.086812126748132878e-01
1.090665928106229060e-01
1.094519729464325103e-01
1.098373530822421423e-01
1.102227332180517605e-01
1.106081133538613648e-01
1.109934934896709829e-01
1.113788736254805872e-01
1.117642537612902193e-01
1.121496338970998374e-01
1.125350140329094417e-01
1.129203941687190599e-01
1.133057743045286642e-01
1.136911544403382962e-01
1.140765345761479144e-01
1.144619147119575187e-01
1.148472948477671368e-01
1.152326749835767411e-01
1.156180551193863731e-01
1.160034352551959913e-01
1.163888153910055956e-01
1.167741955268152138e-01
1.171595756626248180e-01
1.175449557984344501e-01
1.179303359342440544e-01
1.183157160700536725e-01
1.187010962058632768e-01
1.190864763416728950e-01
1.194718564774825270e-01
1.198572366132921313e-01
1.202426167491017495e-01
1.206279968849113537e-01
1.210133770207209719e-01
1.213987571565306040e-01
1.217841372923402082e-01
1.221695174281498264e-01
1.225548975639594307e-01
1.229402776997690488e-01
1.233256578355786809e-01
1.237110379713882852e-01
1.240964181071979033e-01
1.244817982430075076e-01
1.248671783788171258e-01
1.252525585146267439e-01
1.256379386504363760e-01
1.260233187862459803e-01
1.264086989220555846e-01
1.267940790578651888e-01
1.271794591936748209e-01
1.275648393294844529e-01
1.279502194652940572e-01
1.283355996011036615e-01
1.287209797369132658e-01
1.291063598727228978e-01
1.294917400085325021e-01
1.298771201443421341e-01
1.302625002801517384e-01
1.306478804159613427e-01
1.310332605517709748e-01
1.314186406875805790e-01
1.318040208233902111e-01
1.321894009591998154e-01
1.325747810950094197e-01
1.329601612308190517e-01
1.333455413666286560e-01
1.337309215024382880e-01
1.341163016382478923e-01
1.345016817740574966e-01
1.348870619098671286e-01
1.352724420456767329e-01
1.356578221814863650e-01
1.360432023172959692e-01
1.364285824531055735e-01
1.368139625889152056e-01
1.371993427247248098e-01
1.375847228605344419e-01
1.379701029963440462e-01
1.383554831321536505e-01
1.387408632679632825e-01
1.391262434037728868e-01
1.395116235395825188e-01
1.398970036753921231e-01
1.402823838112017274e-01
1.406677639470113594e-01
1.410531440828209637e-01
1.414385242186305680e-01
1.418239043544402000e-01
1.422092844902498043e-01
1.425946646260594364e-01
1.429800447618690407e-01
1.433654248976786449e-01
1.437508050334882770e-01
1.441361851692979090e-01
1.445215653051075133e-01
1.449069454409171176e-01
1.452923255767267219e-01
1.456777057125363539e-01
1.460630858483459860e-01
1.464484659841555902e-01
1.468338461199651945e-01
1.472192262557747988e-01
1.476046063915844309e-01
1.479899865273940629e-01
1.483753666632036672e-01
1.487607467990132715e-01
1.491461269348228758e-01
1.495315070706325078e-01
1.499168872064421398e-01
1.503022673422517441e-01
1.506876474780613484e-01
1.510730276138709527e-01
1.514584077496805847e-01
1.518437878854901890e-01
1.522291680212998211e-01
1.526145481571094253e-01
1.529999282929190296e-01
1.533853084287286339e-01
1.537706885645382660e-01
1.541560687003478980e-01
1.545414488361575023e-01
1.549268289719671066e-01
1.553122091077767108e-01
1.556975892435863429e-01
1.560829693793959749e-01
1.564683495152055792e-01
1.568537296510151835e-01
1.572391097868247878e-01
1.576244899226344198e-01
1.580098700584440519e-01
1.583952501942536562e-01
1.587806303300632604e-01
1.591660104658728647e-01
1.595513906016824968e-01
1.599367707374921288e-01
1.603221508733017331e-01
1.607075310091113374e-01
1.610929111449209417e-01
1.614782912807305737e-01
1.618636714165402057e-01
1.622490515523498100e-01
1.626344316881594143e-01
1.630198118239690186e-01
1.634051919597786506e-01
1.637905720955882549e-01
1.641759522313978870e-01
1.645613323672074912e-01
1.649467125030170955e-01
1.653320926388267276e-01
1.657174727746363319e-01
1.661028529104459639e-01
1.664882330462555682e-01
1.668736131820651725e-01
1.672589933178748045e-01
1.676443734536844088e-01
1.680297535894940408e-01
1.684151337253036451e-01
1.688005138611132494e-01
1.691858939969228814e-01
1.695712741327324857e-01
1.699566542685421178e-01
1.703420344043517221e-01
1.707274145401613263e-01
1.711127946759709306e-01
1.714981748117805627e-01
1.718835549475901947e-01
1.722689350833997990e-01
1.726543152192094310e-01
1.730396953550190353e-01
1.734250754908286396e-01
1.738104556266382716e-01
1.741958357624478759e-01
1.745812158982574802e-01
1.749665960340670845e-01
1.753519761698767165e-01
1.757373563056863486e-01
1.761227364414959529e-01
1.765081165773055849e-01
1.768934967131151892e-01
1.772788768489247935e-01
1.776642569847343978e-01
1.780496371205440298e-01
1.784350172563536341e-01
1.788203973921632384e-01
1.792057775279728427e-01
1.795911576637825025e-01
1.799765377995921067e-01
1.803619179354017388e-01
1.807472980712113431e-01
1.811326782070209473e-01
1.815180583428305516e-01
1.819034384786401837e-01
1.822888186144497880e-01
1.826741987502593922e-01
1.830595788860689965e-01
1.834449590218786563e-01
1.838303391576882606e-01
1.842157192934978927e-01
1.846010994293074969e-01
1.849864795651171012e-01
1.853718597009267055e-01
1.857572398367363375e-01
1.861426199725459418e-01
1.865280001083555461e-01
1.869133802441651504e-01
1.872987603799748102e-01
1.876841405157844145e-01
1.880695206515940188e-01
1.884549007874036508e-01
1.888402809232132551e-01
1.892256610590228594e-01
1.896110411948324637e-01
1.899964213306420957e-01
1.903818014664517000e-01
1.907671816022613043e-01
1.911525617380709641e-01
1.915379418738805684e-01
1.919233220096901726e-01
1.923087021454998047e-01
1.926940822813094090e-01
1.930794624171190133e-01
1.934648425529286175e-01
1.938502226887382496e-01
1.942356028245478539e-01
1.946209829603574581e-01
1.950063630961671179e-01
1.953917432319767222e-01
1.957771233677863265e-01
1.961625035035959586e-01
1.965478836394055628e-01
1.969332637752151671e-01
1.973186439110247714e-01
1.977040240468344034e-01
1.980894041826440077e-01
1.984747843184536120e-01
1.988601644542632718e-01
1.992455445900728761e-01
1.996309247258824804e-01
2.000163048616920847e-01
2.004016849975017167e-01
2.007870651333113210e-01
2.011724452691209253e-01
2.015578254049305296e-01
2.019432055407401616e-01
2.023285856765497659e-01
2.027139658123594257e-01
2.030993459481690300e-01
2.034847260839786343e-01
2.038701062197882385e-01
2.042554863555978706e-01
2.046408664914074749e-01
2.050262466272170792e-01
2.054116267630266834e-01
2.057970068988363155e-01
2.061823870346459198e-01
2.065677671704555518e-01
2.069531473062651838e-01
2.073385274420747881e-01
2.077239075778843924e-01
2.081092877136940245e-01
2.084946678495036287e-01
2.088800479853132330e-01
2.092654281211228373e-01
2.096508082569324694e-01
2.100361883927420736e-01
2.104215685285517057e-01
2.108069486643613377e-01
2.111923288001709420e-01
2.115777089359805463e-01
2.119630890717901506e-01
2.123484692075997826e-01
2.127338493434093869e-01
2.131192294792189912e-01
2.135046096150285955e-01
2.138899897508382275e-01
2.142753698866478596e-01
2.146607500224574916e-01
2.150461301582670959e-01
2.154315102940767002e-01
2.158168904298863044e-01
2.161982561892812627e-01
