7.962409039598937130e-03
6.876645781195882962e-03
6.228274668857306136e-03
5.734929039834073261e-03
5.331400813558136685e-03
4.985926398845967437e-03
4.686474794173894551e-03
4.422695558678791522e-03
4.187347962276812170e-03
3.972013359524679058e-03
3.773082219542817171e-03
3.587753460574848174e-03
3.415084881307338827e-03
3.254465168249725138e-03
3.104540511348905310e-03
2.963819627355821287e-03
2.831955624898405306e-03
2.708236178136515671e-03
2.591972413747732802e-03
2.482684618201836269e-03
2.380109987009815502e-03
2.283445373143599619e-03
2.192012119419765436e-03
2.105541119344982951e-03
2.023853321497596277e-03
1.946395011922347510e-03
1.872829478694095330e-03
1.802871762673223565e-03
1.736404541891473519e-03
1.673120684338338330e-03
1.612927256961446589e-03
1.555547740862681756e-03
1.500877711138816524e-03
1.448778900523548701e-03
1.398974491796207368e-03
1.351497391874668897e-03
1.306079702684138661e-03
1.262727356056262762e-03
1.221291641963034597e-03
1.181609267417296555e-03
1.143652763590094577e-03
1.107274634045305080e-03
1.072365288786945349e-03
1.038915905584140509e-03
1.006796996917979498e-03
9.759285239055679470e-04
9.462864439074024402e-04
9.178109629847341867e-04
8.904437619010794301e-04
8.641418502989602762e-04
8.388187389734032664e-04
8.144900270031668089e-04
7.911032945795575021e-04
7.686292611595231007e-04
7.470473200362389701e-04
7.263357833221236815e-04
7.064228987684992474e-04
6.873277896235781672e-04
6.690127661111188503e-04
6.514039117233912796e-04
6.345231403820483351e-04
6.183688572858819310e-04
6.029143035454887336e-04
5.881319373193161140e-04
5.739847318084816911e-04
5.604629718771735351e-04
5.475295491915234706e-04
5.351798077366660663e-04
5.233854378263903947e-04
5.121262784192904529e-04
5.013933501429372564e-04
4.911711244078323336e-04
4.814498921568374518e-04
4.721942944206150030e-04
4.633876726499430157e-04
4.549871020799205927e-04
4.469790706796981147e-04
4.393481205445352866e-04
4.320788163619770613e-04
4.251480803286690393e-04
4.185424093522957588e-04
4.122366630929602213e-04
4.062333852752888163e-04
4.005157968079722471e-04
3.950579333787763233e-04
3.898268424552362322e-04
3.848141748110260932e-04
3.799900559188796874e-04
3.753518848017939032e-04
3.708833987814306944e-04
3.665656624980199963e-04
3.623905909232439087e-04
3.583479293949904548e-04
3.544284990173238842e-04
3.506243338035906808e-04
3.469277911662556856e-04
3.433371477031174602e-04
3.398396736006021462e-04
3.364298806750123678e-04
3.331105705207197654e-04
3.298748087321834010e-04
3.267150693437075254e-04
3.236293387447281510e-04
3.206227739201410881e-04
3.176852651194971618e-04
3.148140577777975863e-04
3.120075184105896801e-04
3.092613927301858480e-04
3.065638103664971442e-04
3.039199051588278703e-04
3.013280625087906366e-04
2.987778909220355434e-04
2.962701621138553879e-04
2.938043647816061745e-04
2.913803874936166669e-04
2.889980944473092943e-04
2.866593757737740571e-04
2.843617363575028697e-04
2.821002645919680994e-04
2.798727948306649555e-04
2.776800817172395131e-04
2.755193970544932364e-04
2.733930929280876726e-04
2.712981993423686788e-04
2.692381126923279488e-04
2.672068910899912672e-04
2.652051983517572935e-04
2.632307490154623232e-04
2.612808325789797909e-04
2.593589509783676196e-04
2.574606993609289689e-04
2.555844668013960920e-04
2.537322468156431757e-04
2.519076040746683239e-04
2.501038852175253130e-04
2.483145394290456158e-04
2.465447749105747978e-04
2.448020505568247501e-04
2.430766892955585129e-04
2.413683176891650922e-04
2.396834945237319165e-04
2.380157318952981417e-04
2.363675622228105118e-04
2.347333601629648990e-04
2.331177711367071672e-04
2.315199826187990353e-04
2.299370832136971813e-04
2.283696355221395203e-04
2.268157069497583661e-04
2.252802110664803314e-04
2.237547423426341131e-04
2.222440117163745562e-04
2.207513145917395006e-04
2.192724106845003610e-04
2.178061064729412710e-04
2.163536300547537787e-04
2.149135343488070169e-04
2.134847440019601965e-04
2.120715817464288982e-04
2.106711653196898253e-04
2.092793865907258350e-04
2.079036428838759677e-04
2.065363794511947788e-04
2.051800481796859190e-04
2.038360149159152823e-04
2.025009406788768772e-04
2.011747817436749023e-04
1.998649560428721300e-04
1.985640898019566745e-04
1.972714063557098256e-04
1.959883616133250260e-04
1.947161024399268726e-04
1.934575825176717005e-04
1.922070086561906846e-04
1.909671765835553982e-04
1.897361992838383199e-04
1.885172093177189172e-04
1.873078973834093903e-04
1.861031282011265981e-04
1.849128977621518582e-04
1.837309698149863519e-04
1.825603381227811713e-04
1.813965208438557387e-04
1.802420519451351235e-04
1.790961316894048856e-04
1.779564879372931921e-04
1.768279230096441996e-04
1.757059408957852605e-04
1.745964002472758674e-04
1.734941657895335530e-04
1.724012974447358118e-04
1.713184719786991811e-04
1.702429789656513287e-04
1.691766137873754389e-04
1.681156620012942086e-04
1.670651188446649446e-04
1.660193249133562541e-04
1.649847306849743227e-04
1.639606162434093786e-04
1.629385325346673281e-04
1.619294234607076893e-04
1.609269459164973219e-04
1.599311403833302697e-04
1.589421201014635480e-04
1.579629299566366705e-04
1.569885134110718167e-04
1.560259790258921057e-04
1.550663018151769723e-04
1.541185123883317867e-04
1.531772963318108155e-04
1.522435170911265218e-04
1.513179310424359254e-04
1.503998510885637548e-04
1.494899561043394631e-04
1.485891382792412711e-04
1.476920544943580225e-04
1.468038427951356658e-04
1.459226585410066009e-04
1.450495242999530216e-04
1.441815613825141043e-04
1.433224379926140819e-04
1.424680171045685808e-04
1.416231226389463437e-04
1.407866277084202664e-04
1.399585176977207422e-04
1.391367330950492559e-04
1.383226906679289306e-04
1.375174165153410211e-04
1.367182952116771264e-04
1.359234453577400862e-04
1.351379305901936531e-04
1.343580820563408651e-04
1.335834899364905998e-04
1.328186617563936484e-04
1.320625204416539219e-04
1.313133031259318883e-04
1.305716999120724799e-04
1.298380738668629701e-04
1.291096336252256927e-04
1.283905778176025849e-04
1.276767603486233258e-04
1.269722837116139791e-04
1.262743070858903579e-04
1.255815874087409410e-04
1.248959528891403444e-04
1.242192696902857940e-04
1.235497553600530224e-04
1.228885302124673893e-04
1.222273130350956007e-04
1.215785472243565205e-04
1.209362136756204193e-04
1.202993420083797548e-04
1.196714118957097869e-04
1.190487760040410573e-04
1.184315037696380976e-04
1.178179671969672244e-04
1.172129858946435542e-04
1.166179701793675463e-04
1.160285806502422783e-04
1.154473884682151772e-04
1.148725351372329145e-04
1.143038701148676013e-04
1.137402297992236414e-04
1.131811311589588694e-04
1.126292583405644443e-04
1.120850852622383995e-04
1.115473739678295981e-04
1.110157400177203267e-04
1.104924031733337062e-04
1.099733781181900236e-04
1.094622121905511439e-04
1.089552090815882002e-04
1.084545399004998250e-04
1.079608588667408325e-04
1.074702032257104971e-04
1.069875200501308859e-04
1.065102935491401095e-04
1.060390447396239850e-04
1.055748820748963357e-04
1.051156569142188758e-04
1.046632689877919985e-04
1.042177981014823988e-04
1.037707454576549597e-04
1.033357982910340650e-04
1.029044657106724213e-04
1.024798187103966837e-04
1.020600968674111281e-04
1.016461198827832478e-04
1.012312167041825868e-04
1.008291790599231860e-04
1.004338410468276873e-04
1.000457934177503453e-04
9.965664416504279525e-05
9.927907892850458365e-05
9.890728085563844907e-05
9.854104930315880895e-05
9.817941374369532016e-05
9.781797637582928301e-05
9.746193870042718372e-05
9.711319406501571548e-05
9.677421308668439782e-05
9.644104098143632350e-05
9.610528930402411219e-05
9.578283323962574693e-05
9.546658260614817725e-05
9.515422932907637639e-05
9.484801287042858348e-05
9.454692645993647681e-05
9.424892063884602450e-05
9.395556106535132824e-05
9.366969275260522655e-05
9.338745122157534110e-05
9.311346343859060496e-05
9.284625868846165496e-05
9.258328218953050916e-05
9.232665537439832906e-05
9.207597436702128651e-05
9.182898001582749821e-05
9.158783245545446591e-05
9.135080461385718814e-05
9.111743051582928685e-05
9.089104039390326372e-05
9.066621695844231650e-05
9.044802231790285486e-05
9.023355853854859749e-05
9.002497434052165288e-05
8.981809398686866177e-05
8.961798830471937299e-05
8.942170293564331038e-05
8.923055804636821414e-05
8.904213983108074781e-05
8.885712632124000100e-05
8.867651895914329372e-05
8.849695036664519056e-05
8.832363910220057885e-05
8.815393474727357015e-05
8.798389521542140631e-05
8.782138212672301687e-05
8.766155313706401110e-05
8.750885593019736800e-05
8.735895599029777419e-05
8.721097068315486760e-05
8.706543938605098827e-05
8.692222542821241181e-05
8.678315177902897360e-05
8.664665999132390480e-05
8.651238626059066573e-05
8.638282150245483483e-05
8.625613520406461433e-05
8.612592946450706188e-05
8.600609301918691978e-05
8.588791358541418748e-05
8.577222091815944890e-05
8.565595970047075068e-05
8.554578566518850134e-05
8.543518606473993421e-05
8.532675632119518223e-05
8.522260357360013523e-05
8.512142498232615911e-05
8.502427378193834115e-05
8.492850681879810838e-05
8.483534128585822694e-05
8.474379214224193597e-05
8.465192354787829613e-05
8.456515548328785324e-05
8.447656411807584237e-05
8.439393595804436118e-05
8.431253415068017760e-05
8.423442222793216282e-05
8.415808591377059401e-05
8.408151591852134786e-05
8.400870534862581965e-05
8.393386794706789329e-05
8.385815474832378354e-05
8.378987626415424807e-05
8.372383612121769728e-05
8.365933871065156025e-05
8.359656881166660882e-05
8.353628425569933609e-05
8.347659352134428011e-05
8.341873879887032729e-05
8.336332493496024002e-05
8.330537437309841551e-05
8.325114577270051688e-05
8.319781083481957130e-05
8.314475634348320716e-05
8.309612822012034470e-05
8.304529397272356669e-05
8.299849748597406759e-05
8.295384415649254104e-05
8.291053002473601887e-05
8.285502758039534337e-05
8.281309521299717630e-05
8.277297885890648737e-05
8.273248345383364081e-05
8.269356800490927726e-05
8.265569622364419395e-05
8.261790474786127761e-05
8.258256393663087594e-05
8.254825078257136859e-05
8.251480138275891607e-05
8.248069223691493514e-05
8.244600976134288728e-05
8.241546927794613582e-05
8.238549939081929745e-05
8.235570597554995828e-05
8.232745617802393037e-05
8.229991447670801448e-05
8.227317018824253025e-05
8.224754795462485785e-05
8.221997778879758148e-05
8.219481739423928227e-05
8.216531097518849503e-05
8.213950588577163543e-05
8.211735404371562285e-05
8.209567483465875432e-05
8.207517593781252577e-05
8.205360871095441252e-05
8.203332524499909733e-05
8.201163076602893817e-05
8.198819410082375378e-05
8.196988852601094647e-05
8.195187381884092264e-05
8.193407508870414004e-05
8.191669604636166765e-05
8.189993069375460413e-05
8.188390371530426576e-05
8.186618371547782665e-05
8.185067559262247867e-05
8.183283739447876266e-05
8.181843304620425080e-05
8.180486476388429840e-05
8.179107188216393448e-05
8.177844806832684191e-05
8.176593602836497963e-05
8.175211012826262829e-05
8.174004932249681111e-05
8.172442847513466447e-05
8.171254198385705190e-05
8.170162022774985150e-05
8.169084221889903166e-05
8.168064609849743404e-05
8.167108596418116517e-05
8.166158647668323345e-05
8.165233769326366215e-05
8.164279219915591306e-05
8.163426009362384180e-05
8.162601611399232309e-05
8.161445382138449221e-05
8.160581997008827687e-05
8.159783616257323426e-05
8.159003457983101976e-05
8.158223650513320548e-05
8.157489624950511452e-05
8.156778420560934493e-05
8.156117103720730626e-05
8.155509940425544426e-05
8.154895629286211685e-05
8.153926426476081047e-05
8.153323317228354451e-05
8.152744556976445505e-05
8.152118730947329167e-05
8.151492441801496086e-05
8.149334158709256939e-05
8.148680958127959076e-05
8.148195069093473622e-05
8.147747063544053751e-05
8.147122818275683508e-05
8.146694996693921412e-05
8.146186553034326372e-05
8.145760445551700072e-05
8.145367929508290578e-05
8.144988106333550179e-05
8.144605768082236396e-05
8.144162504717315342e-05
8.143774456335633614e-05
8.143405076945465994e-05
8.143062145651241512e-05
8.142756792484738657e-05
8.142436500341811352e-05
8.142123186117646331e-05
8.141848742659549016e-05
8.141563095070631967e-05
8.141187188136366653e-05
8.140454708179738035e-05
8.140166377347853976e-05
8.139878503939471934e-05
8.139514216620174635e-05
8.139267472687141650e-05
8.139041811630753236e-05
8.138836388902310841e-05
8.138590282430887776e-05
8.138394946170697259e-05
8.138195155402401049e-05
8.138015783674266881e-05
8.137767464568018564e-05
8.137605910037522998e-05
8.137280451526589546e-05
8.137121116260646111e-05
8.136974939327748068e-05
8.136867403269827843e-05
8.136713611378642924e-05
8.136622931999142885e-05
8.136482068252732299e-05
8.136295935639900720e-05
8.136201402699154807e-05
8.136118771754431754e-05
8.136039386881707138e-05
8.135980767984012823e-05
8.135898899834307621e-05
8.135824704728470455e-05
8.135743032556371683e-05
8.135722729568349598e-05
8.135659581888500492e-05
8.135597498062452446e-05
8.135562440286958792e-05
8.135521632222732550e-05
8.135475649921621001e-05
8.135388290176271862e-05
8.135324183968521878e-05
8.135285589255964193e-05
8.135245242708318654e-05
8.135212124969869315e-05
8.135184406057101737e-05
8.135165301134566801e-05
8.135129053723210454e-05
8.135082819440626921e-05
8.135022493910230965e-05
8.134914227134697586e-05
8.134866004044082218e-05
8.134841558208784774e-05
8.134810873132703693e-05
8.134766563251204609e-05
8.134735381377934638e-05
8.134698118955244845e-05
8.134214997373921912e-05
8.134137509909951933e-05
8.134063842137551558e-05
8.133864208660946684e-05
8.133800579154504523e-05
8.133760824688563557e-05
8.133703012656024714e-05
8.133582639470221445e-05
8.133520509211612098e-05
8.133284992160225407e-05
8.133189954644905911e-05
8.133111665594423378e-05
8.133001691779727740e-05
8.132890014731182298e-05
8.132691221674630039e-05
8.132582392699290094e-05
8.132342415345574643e-05
8.132136182810789714e-05
8.131888976666907165e-05
8.131548784907225910e-05
8.131230355673619496e-05
8.130704023782825960e-05
8.130166292556142320e-05
8.129483310503366085e-05
8.128422944460158628e-05
8.126725710948410014e-05
8.125866249872769809e-05
