7.962775241841059393e-03
6.726658624738985313e-03
6.010821253006630796e-03
5.474764561323709755e-03
5.037197548634123577e-03
4.671916090599533000e-03
4.357730233703220601e-03
4.079433854645563885e-03
3.827654245607634703e-03
3.597109261488617895e-03
3.386509923196489961e-03
3.193242402038941417e-03
3.014999379773120481e-03
2.850586630633260895e-03
2.698263047077138418e-03
2.557163958941075302e-03
2.426553810054854054e-03
2.305183207929503188e-03
2.192158803243283126e-03
2.086562377910306919e-03
1.987816889652826123e-03
1.895078140512844109e-03
1.808013686325481715e-03
1.726124410745072391e-03
1.649132802575109221e-03
1.576568688256914331e-03
1.508240051677026041e-03
1.443777146374475078e-03
1.382899431818466768e-03
1.325492879972174718e-03
1.271201780092052818e-03
1.219826486268097429e-03
1.171176721689992390e-03
1.125001378596083342e-03
1.081172341366646791e-03
1.039515190585363217e-03
9.999160144093873111e-04
9.622368570194732859e-04
9.264193349961810176e-04
8.923184673313223122e-04
8.598186568883521303e-04
8.288544979550577924e-04
7.993718628686289794e-04
7.713339965845115520e-04
7.446367190951569187e-04
7.192335304628737170e-04
6.951141936232881242e-04
6.721527810295242289e-04
6.503458989399249750e-04
6.296647132707208555e-04
6.100616292736589638e-04
5.915019136001875002e-04
5.739184185854487221e-04
5.572833764578933929e-04
5.415654648483387863e-04
5.267346813541055710e-04
5.127313048055029887e-04
4.995501653549668875e-04
4.871573466579601479e-04
4.755008461175342835e-04
4.645174979544548625e-04
4.542082171815756738e-04
4.445472010536438917e-04
4.354471061930103248e-04
4.269060879393933518e-04
4.189010797383396897e-04
4.113734292598963797e-04
4.042699041552461309e-04
3.975704808703469360e-04
3.912312173846736523e-04
3.852059015238864224e-04
3.794783607041148392e-04
3.740139219368247597e-04
3.687747211163198589e-04
3.637371190915088888e-04
3.588893098579313450e-04
3.542100506927894693e-04
3.496991465449848877e-04
3.453354915406581108e-04
3.411210270198033892e-04
3.370462209971783192e-04
3.330953517143408061e-04
3.292645084025161146e-04
3.255426808268007061e-04
3.219266224558539440e-04
3.184030399360422464e-04
3.149686226014324292e-04
3.116141871332297445e-04
3.083407478132740788e-04
3.051433809602783673e-04
3.020236209129212356e-04
2.989628058316215389e-04
2.959811447411386277e-04
2.930583838196076192e-04
2.901982912932797283e-04
2.873923102295935627e-04
2.846302833982518234e-04
2.819226033104604975e-04
2.792708370525568535e-04
2.766640058719701525e-04
2.741058226350853418e-04
2.715955975776171275e-04
2.691206416630134929e-04
2.666969024363172115e-04
2.643069568233676753e-04
2.619622288564179440e-04
2.596510191264915263e-04
2.573772548435951054e-04
2.551354791382815976e-04
2.529290173443004110e-04
2.507527676453928092e-04
2.486108328415782744e-04
2.464901483467335313e-04
2.444009211104281433e-04
2.423404495606616335e-04
2.403094166043648762e-04
2.383023745782530684e-04
2.363251501546771423e-04
2.343745629831644030e-04
2.324473231900436756e-04
2.305415653182261645e-04
2.286610120407183149e-04
2.268013575237229199e-04
2.249638892867258087e-04
2.231467491252367181e-04
2.213537133671135155e-04
2.195744588085989915e-04
2.178172024159161463e-04
2.160808019088877137e-04
2.143643502142581565e-04
2.126680715823198284e-04
2.109916197539211697e-04
2.093353248794963255e-04
2.076958500140134499e-04
2.060761248948270077e-04
2.044718069465593653e-04
2.028841228868726791e-04
2.013173667779793096e-04
1.997607222224220564e-04
1.982218615705028195e-04
1.966975404369710714e-04
1.951957744378357226e-04
1.937056209935329796e-04
1.922329196735197109e-04
1.907765846476791778e-04
1.893360174970826041e-04
1.879083766272054198e-04
1.864963717387418376e-04
1.850951410804193219e-04
1.837135249272939686e-04
1.823452691751552182e-04
1.809935717251569156e-04
1.796555629694213249e-04
1.783320865312593303e-04
1.770194171806617272e-04
1.757244149429653367e-04
1.744404853716475406e-04
1.731700493284127980e-04
1.719112669479683567e-04
1.706662797588465229e-04
1.694336836475910952e-04
1.682121474904502948e-04
1.670041231834500691e-04
1.658107927601781546e-04
1.646350369740089495e-04
1.634701246622496853e-04
1.623175905153140676e-04
1.611760197485531784e-04
1.600504474200629274e-04
1.589369140129123510e-04
1.578364909962316667e-04
1.567495412124032892e-04
1.556752477827584526e-04
1.546097512423927529e-04
1.535598153874109903e-04
1.525202697916410235e-04
1.514938507346690662e-04
1.504790784219050583e-04
1.494767507509701834e-04
1.484891898299381125e-04
1.475156059849950661e-04
1.465530345797524503e-04
1.456033392003064960e-04
1.446642403686059831e-04
1.437368336145150572e-04
1.428217158867359118e-04
1.419204811903010074e-04
1.410329083139457600e-04
1.401569371159136815e-04
1.392920086860511262e-04
1.384385870755750890e-04
1.375956044189180320e-04
1.367622409762658949e-04
1.359379796019660692e-04
1.351313231156793992e-04
1.343323985655146585e-04
1.335475709833354018e-04
1.327745507487613748e-04
1.320095064842735373e-04
1.312587252462365833e-04
1.305158896925322318e-04
1.297862052638256651e-04
1.290678001399081227e-04
1.283608698555845052e-04
1.276642784701907164e-04
1.269652055285023270e-04
1.262779197272434993e-04
1.256058661313207050e-04
1.249454803371130248e-04
1.242984795656178296e-04
1.236621604149259405e-04
1.230335595211405869e-04
1.224169339454648305e-04
1.218071707862149173e-04
1.212006787276341053e-04
1.206105440917040224e-04
1.200320244650935036e-04
1.194660483953862340e-04
1.189104337403128295e-04
1.183586443299463389e-04
1.178178115480843361e-04
1.172887392999675914e-04
1.167727223614766510e-04
1.162619135318042839e-04
1.157629519311533498e-04
1.152719698939319066e-04
1.147904942275531194e-04
1.143222677761079762e-04
1.138635424395809413e-04
1.134099398554394577e-04
1.129719676266036527e-04
1.125367368087685333e-04
1.121144306209118308e-04
1.116997006119380012e-04
1.112978795488377219e-04
1.109042048417150766e-04
1.105211893762263919e-04
1.101473041604682972e-04
1.097820346278166869e-04
1.094253555020487415e-04
1.090781490504498811e-04
1.087362581745254564e-04
1.084062160213044061e-04
1.080836480902948923e-04
1.077691724373946221e-04
1.074594334977132870e-04
1.071583527895406156e-04
1.068678461594102990e-04
1.065853546551573573e-04
1.063101814137216679e-04
1.060426534333365044e-04
1.057801900414167873e-04
1.055267530541764497e-04
1.052755298937446167e-04
1.050321051363846040e-04
1.047962028729458638e-04
1.045673584716912721e-04
1.043402503980630364e-04
1.041225661451568139e-04
1.039128256636397168e-04
1.037057542357297231e-04
1.035057609627218505e-04
1.033119963259520935e-04
1.031194796476184167e-04
1.029335424256852316e-04
1.027556137656181646e-04
1.025832631606561526e-04
1.024130897569849901e-04
1.022490613292700753e-04
1.020854916890196547e-04
1.019291764927209975e-04
1.017765664996865527e-04
1.016302920215101643e-04
1.014890611841567979e-04
1.013513069052397465e-04
1.012161942229575695e-04
1.010870622095449999e-04
1.009578933271749584e-04
1.008345033869862735e-04
1.007150209740133794e-04
1.005978269668268845e-04
1.004857287070075886e-04
1.003764110670392698e-04
1.002710358996528685e-04
1.001691113753856895e-04
1.000706553209961669e-04
9.997503380802677617e-05
9.987775100070677824e-05
9.978690538290518625e-05
9.969564283115122478e-05
9.961110958314335997e-05
9.952973062964871648e-05
9.945078585514913454e-05
9.937327608324784186e-05
9.929996410047442089e-05
9.922896138301473415e-05
9.915842678089598484e-05
9.909071526447402092e-05
9.902651541227279464e-05
9.895242500671945799e-05
9.889259942668956040e-05
9.883274345513883344e-05
9.877418742460495650e-05
9.871438209306187899e-05
9.866070517168587636e-05
9.860983644572228685e-05
9.855999343005130483e-05
9.851253165533899712e-05
9.846532947184936620e-05
9.841951194468390488e-05
9.837222063245764270e-05
9.832963257273734175e-05
9.828894750888202819e-05
9.825045810315373473e-05
9.820527151646470619e-05
9.816591148496182744e-05
9.813035393491017231e-05
9.809517674381267537e-05
9.806197942218851556e-05
9.802852654346894568e-05
9.799777878322192884e-05
9.796728591384697930e-05
9.793601898285867976e-05
9.790859854180133915e-05
9.788156232028643808e-05
9.785615105565071445e-05
9.783143016051912191e-05
9.780417298952327374e-05
9.778152585055068923e-05
9.775992634079618134e-05
9.773703129841766367e-05
9.771479856467339231e-05
9.769453384182090428e-05
9.767545771673911980e-05
9.765689710716470625e-05
9.763905100337595244e-05
9.762216278779795248e-05
9.760586144447473862e-05
9.758856227068931960e-05
9.757330543956186286e-05
9.755827561347690943e-05
9.754344991250363988e-05
9.752975774733049297e-05
9.751707943085484627e-05
9.750373338696387455e-05
9.749157236888162563e-05
9.748043381494404553e-05
9.746937712524804734e-05
9.745901925120508476e-05
9.744807966394326783e-05
9.743765975533914218e-05
9.742811516398470193e-05
9.741186643864567659e-05
9.739994336847195618e-05
9.739032700230156687e-05
9.738119130968816517e-05
9.737312880695184398e-05
9.736570143580204747e-05
9.735829325772212743e-05
9.735083450887054317e-05
9.734420624090476106e-05
9.733753974421280471e-05
9.731928572775113242e-05
9.731128930039817588e-05
9.730500866426680456e-05
9.729930258218305540e-05
9.729378207235815971e-05
9.728140809217943985e-05
9.727578219175127662e-05
9.727051232412466130e-05
9.726469724884246660e-05
9.725894688577856257e-05
9.725483716126647122e-05
9.724987819323929652e-05
9.724561916288289223e-05
9.724181499663044428e-05
9.723743368978413548e-05
9.723370072746148412e-05
9.723022119963353651e-05
9.722284343560518341e-05
9.721797702109224559e-05
9.721477188426689306e-05
9.721195717562878440e-05
9.720927883030016812e-05
9.720329543723671114e-05
9.719999777199682216e-05
9.719743680715993916e-05
9.719514099079093515e-05
9.719319892801410574e-05
9.719064073997721223e-05
9.718638967650918741e-05
9.718450476620315648e-05
9.718292515657926743e-05
9.718130311644748644e-05
9.717981243782851863e-05
9.717790421486733666e-05
9.717649029123716755e-05
9.717563488534002394e-05
9.717407161485303328e-05
9.717298469814260277e-05
9.717111078264023148e-05
9.717024839115288100e-05
9.716941580150488512e-05
9.716848175389440157e-05
9.716741789352918842e-05
9.716670778730814430e-05
9.716610461805561710e-05
9.716568780962522270e-05
9.716520905075726417e-05
9.716459529595821885e-05
9.716273489672512813e-05
9.716141499293391107e-05
9.716090498407834244e-05
9.716054273672444363e-05
9.716012635145650374e-05
9.715969940625503458e-05
9.715899719257766473e-05
9.715773028312545373e-05
9.715702701023568727e-05
9.715637830363131665e-05
9.715564624098318536e-05
9.715363124253989773e-05
9.715285474550113768e-05
9.715199707506454022e-05
9.715021775698172045e-05
9.714967851690592426e-05
9.714822654520754617e-05
9.714720577261290783e-05
9.714569525852568405e-05
9.714445994203282789e-05
9.714345476049177064e-05
9.714148355923654080e-05
9.713882005286487845e-05
9.713661591687864239e-05
9.713397153892909292e-05
9.713007840141453812e-05
9.712552890704537418e-05
9.712105655106067603e-05
9.711336157988948684e-05
9.710409771483869985e-05
9.709512547174726810e-05
9.709626383883262428e-05
